5564
2031
8474
1148
6194
5168
4699
1806
4489
7414
9556
5673
6504
5953
4925
5666
5633
0081
6567
9505
9445
9714
1164
4529
5337
2284
5300
3256
6084
7934
5076
8749
4516
4440
0756
2912
1907
1534
2978
3102
8322
6603
6892
2905
9121
0761
3643
5971
7472
5392
1359
0839
0428
1021
9271
3587
5944
2198
7399
5617
8190
2242
2541
2380
5732
8250
8465
8899
6553
4601
9861
1804
1812
9984
0446
3126
4614
0928
8418
3066
3111
6264
6324
8513
9109
7569
6991
3993
5067
0684
0577
9349
9884
5149
2695
4778
8429
3523
9487
0733
8274
1448
9753
1668
5945
6482
0597
7605
0581
0344
3058
5942
9322
6794
4491
8879
3163
1142
1238
4912
8948
6611
2571
2603
1792
1269
3716
0518
0839
9984
3416
4415
3328
4873
9447
0121
9359
8157
2891
3556
3816
0976
2647
9979
1127
0139
2924
7387
9757
2896
6431
0631
7800
4577
5856
6597
7021
3758
7417
1310
1536
8618
7800
6565
7624
5420
8552
9513
6549
2218
3019
5412
4100
0854
1761
8134
1131
2942
5264
0739
8928
3831
5421
9431
2443
5806
0876
5059
7384
6537
3530
5885
2374
3744
4132
7983
8737
5332
3305
7675
8926
6946
7403
8848
7685
8229
7766
7482
4993
9542
1943
3667
9793
2073
9601
3467
0292
3897
1488
5220
2467
9632
1748
7466
1553
1588
8781
4002
3969
3179
6704
5968
2766
9883
0630
1253
8241
1133
9548
5296
0973
7064
5242
7125
6459
3963
3119
2359
3489
2661
6084
4199
7805
9303
4483
7853
6622
0818
4910
7911
3610
4839
6922
0927
0302
9220
8085
3408
8387
7049
1884
5901
0775
2468
7970
4946
8491
4421
0303
6270
1076
9918
7685
8527
3224
3209
0115
4391
1199
7041
1768
0142
8040
0179
4786
3684
7936
8184
7623
0455
0692
1760
8742
4276
9685
3453
0480
7069
1480
3860
6873
6177
8302
7947
2518
6393
1345
9249
8992
3704
3519
9687
2662
5790
2426
0930
1974
3579
8860
0043
2855
3396
5876
7078
1998
0149
1743
7463
4943
5508
8645
1688
9803
3362
4625
8194
9690
3547
5075
4435
1971
2372
8008
4201
6412
2264
6723
8806
7533
4548
2636
2477
4375
5485
2671
3626
6879
8784
1788
6325
3187
3816
6125
4611
7042
3083
5839
3178
8539
0507
0710
7612
8522
6036
1126
9603
5519
2461
4035
3809
8772
5032
3882
1453
0043
0396
2005
8643
0670
0377
6719
6118
7243
8531
2823
1836
4059
3610
2150
6673
0981
8978
1180
7078
2716
9731
1016
1212
9467
4930
4926
9276
3997
7210
0246
8332
1680
8069
1543
7718
7823
9811
5696
1930
5098
4017
6388
8803
5112
1370
1144
0868
3460
5751
3507
6513
9879
8638
2118
8106
8977
9933
2506
5432
2118
9123
9341
7241
5343
0538
1128
5597
4081
0139
8432
7949
2924
4118
1352
3326
6999
6041
4609
0010
0078
1542
6668
9764
9942
7849
9140
7207
6300
4686
6991
6976
6435
7135
2623
8413
5194
8160
3449
9155
0286
7185
5176
7530
5423
1072
3590
6566
7977
1588
7448
9115
9513
4310
8796
4463
2886
4390
2541
4128
6799
0923
0067
5011
3359
4739
3761
2296
1228
6211
7417
8709
8848
7999
1707
1837
0320
5702
0786
5797
8508
5394
2734
9159
5610
1943
0109
7148
5499
8392
1606
4279
5866
9112
2077
1420
5472
8703
1409
3694
5566
7027
9748
6184
9208
2467
0430
0533
3563
1614
6935
5222
6179
8102
0543
6513
1159
9573
7875
3996
1649
7294
6679
4455
4709
3001
2097
7284
1753
4813
2957
8852
7185
6708
1913
7124
3351
8527
9443
3429
2036
3735
9822
7465
2002
7251
5562
4792
5868
7525
1477
9556
6432
1694
7887
1316
8664
9837
7952
7502
3977
7224
1251
3012
8167
0294
6074
5435
0526
2848
3443
5568
4755
3818
5365
9817
4504
2680
4761
4139
4273
0865
2519
8649
6629
3216
4769
4344
5781
4993
9578
3728
2402
5024
5247
0360
9560
0869
5123
5869
1026
4671
7286
7189
8150
9257
5589
4760
4285
7829
0540
9224
9811
8387
8824
0908
2634
9196
8706
5118
4523
4567
5011
8527
7329
3320
9751
2943
3371
7644
5874
0579
0660
6932
7558
1880
6731
0323
8262
2821
0013
6157
2231
0547
9115
3104
3716
0914
8803
7882
3125
8024
1141
7904
8673
3043
1172
0228
2608
4820
8897
9761
7006
7587
1973
6502
7663
6590
4091
2243
8258
4049
4319
9775
9545
9271
7776
6157
2847
5780
1261
2198
8084
0374
2462
8629
9953
3630
5638
4888
5018
1140
0856
5058
2697
3440
3060
8311
9724
8583
9858
3696
6877
8582
9328
1343
7822
8887
9036
4074
8311
4225
8573
4815
0293
1279
7964
7959
1922
5972
5036
8726
1455
0363
3473
7477
3536
7332
3185
6250
8120
7371
5022
9361
3590
0533
8431
4345
9142
7313
9155
3007
7505
4023
1341
4847
7822
5188
3861
7146
6755
4805
7071
4988
4302
2330
7379
2576
6356
5084
2299
9291
1306
7207
7602
7893
4043
3969
2282
0524
6275
0052
5930
6526
9568
2218
1622
4564
5811
6732
6918
8007
9626
4718
2481
4470
9446
8152
9460
3831
7670
4626
3777
5650
8905
7361
6750
7258
5497
6768
4760
0695
5775
0947
7138
4303
6808
9102
8739
2514
3812
5840
3072
2190
0568
3102
1474
9957
5445
9496
9277
4538
6839
7070
5284
6486
9226
0457
9947
7749
1608
8057
5583
5161
4523
7396
1687
5080
8790
8300
6974
3701
2965
1441
1020
1428
2991
2767
5235
0277
6587
6974
1825
3435
8387
2455
4571
9836
9169
6936
6982
8217
8508
1197
5087
2101
8830
6328
8827
2854
3747
0788
7942
1903
3872
3262
6997
0584
0474
2180
5224
1689
7109
1047
8224
9656
6456
9636
9305
6371
7758
2728
7505
4299
9102
6540
4756
7004
7655
2325
8951
5290
7275
9124
6085
6814
4127
2484
6352
2279
0627
6314
2779
0203
8136
6548
0504
7257
0110
0861
6038
9229
7650
1040
4373
6177
3553
2330
9957
7934
2888
4586
9398
0197
6151
6683
6118
1292
5369
7926
6597
5946
3857
6441
4281
1578
7228
9699
1347
4095
6051
9724
6777
5722
5402
9807
8898
5913
1530
5583
9121
6380
0343
6858
8517
1959
6172
2956
3952
1743
4973
5778
1093
4775
7592
1729
2944
1645
6192
4918
4874
8855
4762
5227
3733
0185
0607
0328
5008
8950
8053
5957
8095
5950
9440
7872
1274
2059
6358
8100
7703
8888
4276
6412
9073
6297
9073
1201
5438
9034
0198
9903
0049
8530
9633
5626
3089
4473
8272
8110
0054
7727
7174
8114
1006
2200
6431
0038
0695
3784
6021
2042
2260
3192
7488
9838
3069
0075
9865
4869
9048
0279
1987
4393
9792
4083
5108
8941
3001
3962
9323
8789
5698
6970
9343
0237
9866
8695
5565
9587
2193
6670
3371
9679
5342
8182
1927
7450
4879
0931
7517
9431
6124
1552
5614
8187
8071
8051
0865
0712
5844
4245
6941
7740
4842
6026
3926
5303
0179
4197
6098
2891
3059
3410
2150
2581
6015
0081
1183
7889
4046
9175
7377
4906
0771
6900
5766
0461
3673
0544
9594
7490
0990
8432
5016
8409
0089
3917
1967
7395
0022
4403
0457
7591
8548
8401
2711
2437
6982
4259
6019
6817
3588
1952
2888
8665
4439
3110
2676
4811
0004
2647
9020
3645
1765
7106
1776
5889
5789
8556
2740
3809
2100
7442
2723
5495
3328
0899
2565
6324
5425
5482
4543
8354
3154
8838
0719
6119
7149
0968
7947
2848
8407
3659
8882
5924
0128
6276
8317
0930
5246
4673
1929
7296
2571
3076
9730
8197
3596
1667
5661
0854
9019
8437
8834
9500
5680
6656
1529
0622
7108
7071
1171
1485
6321
2783
2804
3712
3666
9267
7831
8420
8830
3788
3849
9148
3655
0333
9956
6124
8170
3635
9490
7355
3772
9876
6242
8173
8912
8158
0892
6706
5956
4810
5680
1097
9299
6059
1030
9185
6464
3780
8004
5414
5524
5092
7879
6382
1733
9056
7005
2610
5122
3491
2400
0041
6695
0073
7287
6378
3322
5319
9915
1218
9888
4106
7377
4481
0258
2785
1217
1518
9331
7215
2662
5305
1752
1974
0806
6147
7035
2076
0159
1346
8497
8413
2249
7133
9988
2918
4594
1027
8005
0741
1638
1560
3921
0904
2109
0436
9747
1842
9055
4534
1514
8022
3193
9589
2418
9698
7321
9519
7335
1387
3072
9459
4535
4954
4622
9147
9966
7481
2713
5324
9908
3905
1430
9670
8350
2220
8225
0507
6257
6837
7999
7614
6880
1274
1451
0609
5805
0366
6288
0854
4166
1603
7507
7646
2049
5789
2268
8309
5442
3589
3769
7269
0603
7170
3297
8592
2316
4353
6435
7354
1733
8911
2580
7691
7592
0954
4519
0982
4431
9937
9205
8255
2217
5183
8378
0939
5795
2082
9814
1330
0843
5810
9868
6458
9876
9417
5407
1947
6142
7281
9294
3590
4107
6950
2835
5381
4448
8494
4763
4923
5478
0110
0115
2970
5462
3537
0985
0566
6331
6221
2581
8346
2014
0405
5231
5952
9679
9369
4469
5177
4575
8495
2139
0598
5165
9486
7807
4794
5366
8100
5202
2455
3155
2095
9507
1762
9652
8168
5612
4082
1518
6719
4169
5578
4046
9095
6170
6432
2696
8446
4206
7618
7286
8836
2201
7034
5916
9339
3222
4160
8529
4720
0538
3225
9659
6315
0043
2746
2861
7106
7638
7160
8985
0439
5500
0658
1285
5343
3811
3190
2565
8595
4783
7610
2705
1435
0192
2902
5727
7477
2968
9049
9623
9907
8619
3898
6052
2473
3555
1674
7500
5751
5928
3023
2549
7700
8909
9830
3075
2480
6288
5500
6170
3213
6919
4426
6450
0061
9839
3332
1542
0000
5328
5308
2611
0456
8537
2771
8003
3940
3897
9172
6997
2435
5793
9527
8012
9217
2431
9439
5835
0347
9873
3954
3748
8178
2597
9206
1552
8654
5715
7617
5508
5193
2894
7712
9174
5840
9352
0873
3307
3101
0749
6903
5746
5446
0941
0300
8560
7192
7668
7196
4899
2810
1767
0001
1053
7521
5735
9238
2428
6496
6069
6492
2507
5043
9414
1712
5937
6862
2478
0294
7642
4584
2638
3785
1932
4967
2836
1564
8953
2868
6748
6570
6401
8713
0376
4338
8204
9401
7944
0204
8297
1017
4986
7394
7127
5231
3867
5955
5556
1347
9402
7438
0691
3294
8978
9580
2858
9765
5726
0033
7967
3152
4906
6250
2153
3124
8396
2897
3421
8700
3219
4491
8380
7797
9725
9426
5932
0651
1738
9587
9028
1352
8521
6343
9147
5363
6613
8171
4477
8735
3626
2088
1479
7441
3016
4123
9609
4978
6673
4128
2827
9207
9923
8401
4805
0417
7208
7521
8496
8405
1564
0255
2236
5161
6670
0319
4943
2124
3939
2995
0726
9800
7908
1923
2507
3980
6540
6713
3367
5664
6087
9674
3182
1616
1691
6676
2642
7426
1004
3768
5999
0557
9267
4815
4151
7164
1563
0522
1084
4464
5640
8761
8667
1499
2662
1417
2321
3571
2636
7277
4252
0492
5001
4816
4140
3520
5106
5298
0439
9451
2706
8321
4534
8925
3881
8401
8974
0047
9140
2739
1189
2150
8646
1816
0884
6188
0790
4936
8083
2698
1979
5568
8614
7551
3407
2045
8616
2752
0614
9754
4123
5848
7252
4244
2286
9503
3425
5215
0638
1738
6786
5830
8691
1859
7963
2588
1514
0662
5193
7884
0470
2063
7495
2245
3807
8444
5646
0048
3784
3706
9507
1310
6967
5187
8799
0254
3939
9803
2152
0775
6789
6707
7497
1999
0694
7189
9395
9240
1885
9605
6775
1462
7038
3078
8003
4909
8837
9381
3771
9968
4003
3642
0533
0518
1206
9029
6032
6888
6935
9192
6665
4435
1746
9461
4002
1587
8430
3382
6281
2564
6307
0340
6618
8406
6714
7107
0752
5064
1140
0279
7053
8828
0748
8343
9963
5525
7118
6374
0352
4571
3781
1212
6845
9080
4127
1304
5419
5073
6866
0587
1876
5926
1117
2754
4565
4891
8589
5139
0971
2647
8138
9799
3076
3936
4056
0796
1613
6749
6855
5439
2557
8200
3378
2318
7296
5144
3404
5400
9439
7115
0776
7114
1906
4636
7310
1878
2138
8141
2712
3322
1981
8753
4930
8328
8053
3902
3472
8658
6570
9043
7464
5093
7803
9222
4477
5224
1087
0774
6656
5700
5171
7663
6229
5483
8277
6268
2182
1594
5866
7946
6113
3408
5331
0836
0447
9484
2509
0666
8276
7493
0414
1216
8506
2590
0028
8421
6879
8363
3276
0960
1452
9267
0957
9957
3151
3202
5227
2994
5604
0506
0333
5464
3783
3219
9673
4752
1508
3449
4697
1667
5342
5548
6995
9263
1881
0545
6269
7892
1140
7187
9664
8894
7807
2642
8110
7059
4066
6273
0881
5504
6531
7822
0522
8381
4957
4411
0526
5520
9684
9559
0329
3455
2271
6586
9095
0976
7807
6075
6139
1445
8628
1242
2576
4442
3894
1371
2899
2229
4394
3529
6125
9426
7300
7218
5492
7356
2015
2518
7865
7618
2692
4704
7498
4859
0223
5376
6904
3457
3300
4593
5644
9259
6537
6731
1362
8012
9157
1385
5645
8019
1450
1241
9216
6362
5141
0073
6435
7045
6223
8468
5642
2780
4791
5825
5102
5657
8913
9673
9638
9027
6963
7074
6187
9118
6415
8602
3192
6118
3725
7263
5773
6479
0379
1570
9964
7770
7999
5742
0010
9659
6141
7065
9242
9781
0560
0854
3517
5725
0612
8389
8223
3888
8288
5852
3415
6600
7170
6425
0485
6605
5895
8979
7764
6035
9107
0635
8485
3638
6892
0732
6806
9449
1235
0243
0685
2664
5184
5101
1653
4213
4535
4160
6527
6272
5177
2380
2614
5445
5017
6999
3645
3004
2462
9399
5544
1497
2651
5810
3536
6372
1208
2314
5294
1985
4064
3778
6384
1353
8393
8891
3139
6331
8517
3537
1738
3894
7614
0141
6790
1454
2531
2968
9444
4851
6445
8848
0366
9876
5615
1047
6829
5682
2125
0709
4259
0254
5886
9509
8276
0713
8862
1970
3215
5161
1355
0761
3801
7022
2404
4815
6513
1840
4272
3315
8375
3136
7577
0170
5458
2791
8643
3888
9910
8674
7982
2569
0099
0451
8876
1876
0989
0371
7569
7333
5892
7697
1067
5826
6688
7096
5124
6302
8709
0594
6925
9847
2692
5630
1333
8013
8917
3499
0182
7028
7379
1930
3002
4102
1981
0174
9597
5717
9118
9786
2844
1957
1557
7923
3891
2369
7999
4194
7666
0148
5387
1518
2237
3170
9330
6662
0282
0802
1278
5146
0078
0622
4720
3784
5369
9554
8043
5359
6685
0706
1152
8364
7870
5236
3049
7917
4793
9512
7781
8165
9927
5873
8122
1109
6112
4991
6763
0483
5197
8781
6850
6693
4810
9773
0302
5296
9059
6002
9778
3733
5419
8146
4858
4149
8580
3852
6307
0823
2929
0654
4971
1101
1000
7313
6867
0356
5645
9610
3178
9127
6525
0010
1129
4115
8795
3462
5721
1292
1405
0630
1195
3721
2340
3407
5907
5718
0203
8772
8736
6371
3528
9761
8476
4481
5992
0691
4565
5605
5095
1013
4147
2160
7064
7796
6086
1763
8763
2329
7955
4525
9189
9156
6436
1507
1822
8462
7916
9867
1745
0644
2759
4513
5819
6250
7456
7518
0200
3056
3201
2313
8701
5756
3403
3082
3261
2074
3606
8502
7499
5203
2665
3181
3526
9662
2705
6619
4429
9363
5602
3224
1152
7374
1150
0108
8717
1352
8595
3272
3551
1120
4581
1892
5351
8961
3149
9180
0610
3464
9241
7692
5606
5012
8590
0629
6461
5640
3338
1557
9289
7595
1674
8170
7933
3450
5803
7402
3889
9126
2196
2412
7935
7468
7740
3764
0145
9418
4564
5635
6913
2976
1349
1314
3229
9384
6822
4400
3711
0186
6878
4102
2257
5729
1652
7619
8874
4363
4926
0180
3107
3130
0582
4489
5663
6496
6516
2370
8890
6782
4723
2000
8801
3390
5797
3046
4701
5924
1378
5857
0331
3343
1287
7270
4099
8312
4744
6064
3886
1680
1601
4735
4621
7697
4545
8875
3216
3880
2125
4806
1209
8155
4255
8169
1017
2370
2803
7337
1942
5850
5974
8708
2417
5672
3516
8940
3757
3447
1221
6752
8058
0292
0463
2473
1914
4822
1731
8042
8230
7164
7888
6814
3027
2307
3754
9962
6089
8774
6604
6446
7978
1296
0871
4983
1839
1731
9730
8876
6840
7658
3931
4988
6922
8709
8012
0528
9788
6116
1764
6562
4453
3988
2706
6314
8582
0093
5421
4906
4844
7608
7326
7056
0745
8715
1755
1153
2103
0984
9919
0074
7735
9264
9661
8684
6839
3151
3155
6060
8275
0320
0474
3291
1972
3346
5685
4619
2359
8448
5186
1590
9602
9549
4505
0239
7195
9921
6711
5697
3238
6737
4120
4441
9197
9442
6853
1376
9633
3507
0627
7881
2524
6775
8423
5133
4260
5479
2824
6238
8498
8745
7215
0101
4699
0147
2634
0906
3106
2508
0906
7548
6167
4618
4984
9671
3267
3912
1156
1348
2074
9828
9133
4640
2984
8179
3573
7665
7154
0620
2902
3060
6106
4614
9934
6902
0592
9505
4855
0495
3751
5449
3812
5984
9795
5294
3279
8699
8950
5224
7652
2404
9439
8988
5663
9774
3276
2369
5155
6577
7328
0361
0943
4254
6159
4929
9347
6175
2028
0742
1102
7384
1894
0428
5401
9319
0175
1361
3443
4123
9847
5375
6916
9548
7393
8977
7114
1789
7989
4173
0938
9245
8666
8841
7306
4602
5022
0890
5332
6462
2035
9311
0569
2193
0338
8285
4010
5145
0136
9256
1251
6701
0794
2571
5603
4356
2502
6400
6146
9951
1353
6519
0217
5546
3787
0658
0679
0648
3151
9489
1157
8706
4515
6518
9242
0796
6712
2269
3788
0728
7618
4260
2182
0668
3641
7759
7090
1534
8671
6568
7442
3236
1862
1079
1440
1509
8358
3026
4164
4708
4762
5226
4080
7849
0545
0152
8199
4217
5926
6449
6011
2386
1971
9843
7655
4135
9797
4618
9573
3578
6224
9402
0419
3361
0765
9615
7559
8274
5941
0150
2785
2955
5645
6509
3871
9857
3868
7433
2847
1033
5912
0111
1202
5216
4416
4128
1440
2772
0246
6435
7340
1767
6054
0202
9035
7468
6596
2904
8821
0939
0783
8117
2575
7882
9398
6940
8561
7454
4230
5585
0919
0028
3518
5887
5703
8123
2382
3887
0093
9959
6083
0488
9371
6172
8836
6914
4407
3772
1038
5581
9760
4558
3303
9319
1097
7856
2900
8836
5204
3382
5595
6246
4442
0367
5882
7897
9252
9207
1623
7281
0748
6741
3872
9395
4529
0488
4186
4713
9947
3976
5733
9111
9676
2153
0007
4252
0630
0203
2219
7481
6447
5135
6185
8843
3861
6279
4459
5660
3304
2568
4587
4694
9915
8126
5599
1920
7831
8403
9129
3566
8577
0101
2531
5532
0448
2958
8000
5668
7765
2112
7214
6164
6526
6538
9581
4658
8391
2676
4305
4100
9705
2732
1557
3689
8241
1223
4489
0298
8543
1214
3078
0426
4982
2789
6403
7910
9981
6031
7549
6197
8807
5807
6486
9983
4722
9345
7748
1351
8403
8973
0815
9631
2949
6616
5002
0781
4328
5689
0333
5790
8193
8983
8673
7179
5441
8532
8412
5351
4368
5250
3471
7356
0733
2728
4346
1704
7217
6453
5403
1688
6147
1346
4195
4858
1574
8555
8584
1909
0948
3815
1066
9892
5301
1548
7932
6528
7200
1181
8627
8562
5895
9088
3103
6950
9306
7120
8809
7233
5485
1162
0694
9281
6174
0586
4446
5341
6590
9460
3111
9170
6187
8257
2068
9352
6328
2277
5315
8806
3055
6444
3814
1871
5682
5432
5453
6185
5773
8524
6175
9517
3338
8504
4794
1506
5209
3777
7316
0009
4936
0749
2824
5684
1591
6687
8212
3312
9501
7160
8468
3907
3670
1032
4039
5499
3962
1882
0410
7590
3130
5975
2511
0118
5462
2363
5773
3640
7978
7296
7281
5214
5767
2018
6643
6430
7789
1831
5771
1339
1998
4620
1308
1543
3541
1941
8145
4125
8852
2065
1092
5962
0327
9261
2652
6890
8408
3486
1093
5625
7495
7776
1298
0429
9406
8465
0995
1446
7258
1993
1311
2322
6976
9059
8257
7825
9889
3487
5377
2773
9283
4794
8452
1104
7996
4502
4500
2377
5312
8179
7674
8687
2836
5864
3877
4781
9753
8590
0756
1074
6817
4703
8246
1265
0155
2882
9933
4411
8428
8844
5423
6443
6680
8840
4090
1934
6210
4080
1277
2450
2137
1088
4341
2794
1193
8080
7691
1782
7608
7695
0403
1727
5157
1655
5934
0522
3088
1282
0061
8704
9596
7092
4862
5297
1071
7578
6215
6273
7537
7803
1768
0816
4647
9400
8047
4922
6347
6909
4867
3999
0542
4979
3350
8236
1937
3424
3866
1573
6948
2349
1069
0638
2963
6759
7030
2867
8929
4585
7246
3771
8806
6835
3872
4821
1385
1767
8109
4110
0407
4868
1122
4073
2493
2578
5172
5694
8225
0960
7898
1716
5849
8018
5809
4713
9268
7650
3096
8542
6541
0013
8334
5138
2970
1201
4406
8423
6341
2981
3183
1264
8567
9019
1404
2268
2875
7555
6397
7905
0802
0885
4109
0329
5522
6823
9074
5948
4475
3433
9107
2600
4204
6515
1083
2109
8261
2271
8699
6035
0493
6150
1613
6357
8514
2653
9844
4265
0244
8190
3676
6984
1371
9685
0441
2422
9717
6151
6846
2234
0291
3732
8338
0056
6436
3727
1754
5516
4049
3137
0219
0404
5594
7124
1078
4304
4071
9749
8147
4919
3187
0527
9871
5318
6821
9958
7166
6418
3310
6135
8458
6817
0895
0489
8506
7606
6964
6437
2276
2999
8300
4205
5284
4493
4202
1217
2363
4431
4783
2915
5308
7576
8673
6506
9380
2546
4140
9284
8226
5162
4279
0207
2981
9975
3338
6002
4111
3142
0455
6598
9975
5614
9591
8297
1542
9068
0076
5264
7391
9985
6417
3309
7375
5950
7519
5854
3883
2402
9210
7115
5836
1213
5720
0819
6606
5072
7176
0729
9873
8766
3513
1847
6280
9134
3402
3954
2534
8330
5712
0208
8450
5791
7764
4405
9697
8579
3877
3846
7817
8974
3791
2104
4305
4584
0497
8381
8776
4042
2774
3018
3226
5834
8415
7232
9263
8379
4717
5448
6000
1045
7642
6201
7412
7600
9548
3687
7305
4845
0187
6234
4650
5902
2745
7156
0179
6674
3414
3333
9431
9403
2397
8500
7292
9039
4970
2532
2233
8337
0129
0122
6640
8721
1830
0746
0354
5440
2406
1060
4910
8964
1689
5747
3741
8834
4228
2428
9712
0333
9092
6427
5962
9867
6014
8731
5991
5174
6281
0187
4055
3788
6362
1837
7889
2240
7502
6092
0557
3091
8651
8669
8024
8505
9483
0865
6111
6956
9567
4223
0403
0379
0032
1973
7885
9687
2728
5521
0120
4848
9265
4504
6081
9740
9101
5135
6870
4297
1706
8019
1641
4348
1282
7257
5842
3018
1676
5872
7001
8524
5307
0469
7467
2499
7114
5984
5997
2210
8346
0739
9549
7090
4483
9480
6953
4869
6699
1111
6083
9273
3153
7105
1788
7403
2642
2001
9113
6413
5112
7771
3823
7328
5364
1587
5252
6098
8204
2425
6036
1119
5302
4010
0167
3171
1960
6019
8417
9836
1072
2509
3289
6981
9847
1167
8144
7722
3485
6166
6535
4316
5883
0842
6460
2547
4382
4613
5377
1523
2383
1475
2198
2405
2627
8120
6063
0803
4984
1215
4148
3514
5921
5477
2649
7155
7875
5906
6990
5159
6014
7284
4511
1272
3097
9834
2619
0712
8081
5912
6877
0816
2563
4719
7546
1275
5462
3513
5355
9503
1945
6767
1508
7576
2390
0571
3579
8428
8328
5747
6707
8735
7299
6033
3061
9794
8724
6450
0665
0362
9213
9427
9489
5740
0527
9201
0543
1179
0067
3003
7659
5455
9149
0519
4047
4235
7520
4862
2983
6766
4615
7293
2889
8195
4197
0034
5458
6062
1520
9321
4801
8494
9066
1719
2661
0524
6525
3323
2835
0966
7063
3532
1286
3441
2662
5967
4952
2281
9072
5746
3000
4512
5377
3419
1905
1233
8927
1990
7869
2949
6730
3246
9372
3793
6616
2509
0268
6938
5450
1888
7872
1831
9418
1577
1186
3551
3516
6675
0720
4879
3716
6544
3593
2884
7984
3174
7236
1716
7328
1325
1788
2179
3711
2871
7867
9777
3292
7974
2497
4395
1586
9792
5520
2908
8930
0064
9674
9049
3257
8098
1032
1526
3277
6099
6956
3960
4393
5542
2072
8911
6636
0208
9820
0258
8448
5933
4945
0259
8933
0049
5068
7737
9037
8570
6529
0740
4771
5021
2002
5536
4152
8663
5100
3369
4632
7878
8050
4000
6574
1831
0860
6965
1143
6865
5273
5089
3868
3078
6566
9842
2885
2735
2143
2880
3224
2411
9747
4482
9345
1551
3484
5086
2229
7028
0522
7893
3530
7916
3485
4320
1321
6251
7789
6654
2965
2830
2329
0771
3156
6603
5730
1770
9961
1288
8902
4794
2113
4682
7874
2236
0799
1627
2737
8259
1475
8521
6909
7533
8691
8752
5227
1211
7729
3690
7654
5595
3345
9129
5462
8571
2798
9870
7283
1819
5293
0230
8766
8552
6771
1444
8618
4279
2005
4449
1081
2903
2758
5047
8231
2988
4558
8550
4217
4690
0678
7333
6613
8879
7835
4714
8943
9612
0399
2766
8426
4807
1233
1120
2147
9102
7715
5082
7013
9840
4721
2507
6375
6654
8066
7714
6855
6104
0885
2249
6824
4978
8740
1299
9756
5316
2905
8956
7768
5250
2056
1325
0768
4538
6183
6797
5044
9015
9435
9672
6934
8968
9898
6289
9243
4245
1084
4803
2236
4182
2011
9462
9744
4524
4416
4891
5275
7340
4272
2016
4855
3634
1308
4819
6048
9217
5590
7765
8124
2592
0002
0565
0328
9533
1168
8164
0916
1579
1423
1348
4755
2203
5631
4843
9235
5855
5721
9692
0608
0845
2730
2131
7584
0678
1452
1590
4782
9382
9604
5146
9911
5802
1449
6034
5632
0664
6886
5233
0687
6960
6436
0136
8044
6378
1962
0924
0973
1429
7025
5296
3137
0069
3363
0822
1735
7824
8804
3034
3433
5040
4416
2932
5047
0979
3421
4182
9634
2424
1976
3160
9311
4817
3020
4101
5447
4942
3487
2394
2634
8331
1762
2669
9651
3503
4408
4180
8641
2907
1803
0516
4076
4935
2860
3626
0534
7640
1496
2537
0802
1941
4012
5153
8631
8365
8241
4629
3043
4455
1185
9793
3066
4651
2699
1117
1299
3158
8097
2868
8138
8693
4070
9524
4099
9859
6958
6494
6100
8444
6021
0104
0253
4342
0549
6233
0460
9622
7760
4014
4235
4230
5489
1683
4853
0291
0245
5050
6910
3549
6015
8996
1322
7282
1012
5910
4867
0888
6757
9100
5855
3879
4950
0131
6232
7617
1326
3767
6965
8808
1734
6887
7170
7675
3490
6013
3084
2888
2642
2693
2861
1630
0761
3525
5689
1954
7640
1967
5764
0586
1575
7100
3252
6747
2569
3353
4469
7828
6942
3195
4304
5074
3876
8318
1720
0869
5275
3502
5849
7269
0792
4795
3124
3269
1943
5270
7355
2584
2817
2298
0527
5615
1700
8214
7401
1963
3941
1658
9368
3177
1330
7738
0895
4045
7649
9044
4511
6183
3164
5533
6921
2788
7892
3814
7007
3724
0119
7408
6062
8043
1809
5856
6975
1921
6237
1105
3873
8402
2060
9440
6678
9714
3725
4335
8718
0793
0406
9569
3739
0455
1691
2052
3845
3136
8841
3717
3821
0989
5232
1661
2162
1286
9814
2683
1555
1942
9274
3791
8441
9301
8980
4050
0876
3197
0411
9324
9595
7291
4065
9470
8782
3621
6658
1311
0768
2692
7981
6577
3902
7387
2579
9890
5381
4004
3457
4095
4710
6377
3265
0928
9441
4074
8873
1708
2424
5032
3977
3093
2985
0044
3898
1947
3176
7332
8357
5097
5445
7995
2251
6305
1704
0653
0362
7712
7016
0905
9781
2886
5415
9096
8072
5837
6662
3270
2941
9234
5461
0847
1254
4197
2073
8571
2616
2280
6518
1606
3189
4795
5655
2374
3119
2301
4051
2999
8112
2081
9228
6285
1862
1079
4674
6360
4571
0527
5616
0377
2977
0118
2820
2639
1531
5932
6270
6591
6410
2734
6223
6834
8274
0545
1275
3267
3225
1316
1564
6263
3900
7381
1404
1957
6292
0233
0429
7401
0549
0162
2537
7988
0623
6574
0495
2971
5578
7304
7114
0064
2653
7291
4716
3139
8879
9877
0996
4233
4549
5173
6104
2377
4077
3796
7806
0845
2425
9050
3234
5988
3744
9540
4655
8841
2255
6906
6195
1179
4348
1798
3415
2774
0935
0433
3967
0355
4903
8968
1121
5055
8338
3440
8752
8992
7852
5953
0766
3129
7088
6117
4003
1103
8397
9754
9115
5467
8577
7955
3017
9827
5993
1078
5338
6403
3739
8847
8262
8661
3953
9281
1661
2417
7730
0293
7090
5118
7620
2134
2190
5043
8901
7046
9466
1299
6326
3782
5646
2755
3801
1330
9774
6645
3893
8533
1355
9763
3052
4918
9615
6897
6403
6015
5526
9827
6028
3844
8574
0241
2633
0712
1724
8171
0389
4288
1282
2150
6290
2417
9690
6565
9656
3416
0168
9732
3955
1925
7610
1814
2914
1627
2051
4997
6381
5452
0544
4749
3726
0816
3448
6895
1930
9347
0338
6930
0389
5302
4328
9982
9848
7702
4414
0930
8235
1591
3863
1975
6585
4471
9242
9803
6312
4041
1875
3201
6082
8158
7876
0444
5245
2130
0568
2564
2345
3749
8881
0779
1724
3295
2122
5956
7762
1446
4766
3925
6405
1812
6521
6837
3503
8222
3090
5273
9608
5067
9046
4604
2418
0810
0978
9499
1713
1369
3339
4694
1458
7372
3595
5651
6579
5424
5421
9065
5939
5584
1086
1352
0116
1096
1419
8472
7460
9465
2868
7487
1652
9471
9746
2332
9494
8501
7878
6431
6030
6917
1251
7451
1792
2215
7693
2992
2249
9085
3838
1582
4456
6848
6739
6971
1017
3019
4872
8142
7707
7910
0539
8398
6849
0001
8828
2788
8296
6170
7578
2037
1869
1953
4164
3136
6495
9167
3600
9402
3816
4168
4429
9287
5933
1463
5226
6358
4290
7790
8554
4486
3480
1736
3026
7131
7106
6775
8425
8704
2428
9958
4648
1851
7569
7627
4943
6426
7631
8028
3573
4158
8178
4037
3155
2192
2164
3312
5986
5390
7644
9581
5277
2973
4532
3523
6647
4350
2584
3579
8229
8963
6726
6401
3975
4864
0997
8609
2204
6292
3204
2938
3536
1339
1954
1402
2650
4813
4637
7445
5363
8604
7305
4889
3419
3264
7935
1276
1223
1083
2183
3772
0693
9645
9165
0482
9322
3312
2316
3162
3876
5893
0238
8806
8495
1411
6152
7726
8089
2910
1053
0866
9088
0746
9628
6811
3983
2238
0103
9558
5949
5916
1728
0261
0310
1342
8155
5296
9954
6160
5078
4129
4164
3414
9032
8369
9691
7713
1734
9089
2109
4957
0048
2460
3767
4268
1490
8517
7441
4056
2747
2083
7215
8563
5098
5616
2099
5519
2830
4622
0955
7664
3227
2727
7485
4080
4942
5926
2545
5604
4570
9282
2539
9870
3023
6724
1462
6299
3039
8824
6925
0616
8528
9337
3787
7269
2090
7222
0195
1540
0479
7950
1426
4200
1052
3068
2982
8215
9329
3882
1226
0890
9949
7054
9707
8257
4051
7396
8875
1828
4368
8116
4732
2155
4573
7727
7304
5386
9476
0752
5111
2086
5085
9573
4666
6983
2278
3125
0528
8552
8563
4345
1740
7246
5607
7955
8914
7064
8700
8432
6540
2642
2351
1910
7500
4696
9437
0197
0724
5746
5347
1477
8757
8097
4205
3494
0977
0090
9069
6478
0912
3922
6413
9284
6629
6083
6867
2905
2897
1476
2143
6204
1121
6558
1473
6060
1315
4459
1886
9925
3856
6450
8778
5954
7707
1451
2118
5575
1183
0330
7371
2095
2435
0016
1145
2298
3147
5795
3068
0000
2573
0023
9052
2024
6459
3080
8390
5367
5009
7278
1614
2665
8580
2145
6191
2811
7936
4249
9815
6582
4106
7340
2579
9989
6037
9581
2785
3540
5924
2908
6236
2340
3985
6753
7170
6702
9364
1431
2228
0534
1056
8449
4399
1346
8597
7088
0613
2818
7282
8428
9754
6093
6552
1503
8164
4120
6395
3351
3328
1836
7508
6223
3134
7133
4236
0462
5765
6224
4897
3499
1339
6130
4044
9140
2595
3040
2223
2520
4201
6004
8823
5335
6626
4670
3762
5850
0186
8919
9678
3557
4893
7721
1794
7864
9789
4748
8670
0558
2331
4320
0081
9089
0121
1153
6633
5508
6490
9512
7298
0889
5248
1894
8471
3913
7053
6533
4409
8848
1648
8236
8325
2680
9437
2632
2922
9975
9729
9452
7289
3228
1425
1365
0366
2251
8317
9922
6287
7085
2195
8933
9808
3232
6307
0284
3780
1919
3744
0730
6684
2063
9863
3508
7206
5069
4329
7937
9325
0294
4715
6488
2012
2607
0882
7917
3354
1132
5555
5059
9681
4851
5333
5354
5128
1062
1846
1689
5260
8332
8079
5422
0135
2152
7405
8819
4737
5537
2615
7256
9900
5328
1405
7940
6049
5403
8869
3199
5558
0411
5875
6356
2566
9383
0029
5364
9932
9300
0861
2366
0729
2942
6970
3004
1073
6937
7692
6256
8390
8491
6464
6008
5945
8014
8405
4038
8979
8834
1363
6150
4923
2886
9970
4410
7148
1880
3444
1470
8640
4595
6607
1725
3286
0724
1968
5254
2636
4282
4409
6429
6379
4317
1172
1295
1160
8823
8628
3634
4040
1291
0974
2063
2304
2770
5622
6894
9838
1244
6756
9192
7235
5084
2305
6652
1333
5941
9294
5028
7065
9543
1073
0151
3623
0446
1448
0525
4661
3177
5281
6028
6818
7799
9045
4846
0569
1664
1671
6097
0609
3869
4772
6695
2040
1629
6265
4577
9193
8078
4903
4990
3122
0626
3113
0924
4688
9443
3077
7334
9461
4938
6292
5725
0968
7179
2513
3725
4968
2509
7721
2384
9832
5895
8575
2882
7408
8714
7805
1772
7354
6569
7025
6365
7901
9543
1366
2686
8095
9326
7455
4655
7092
8486
6936
9097
4629
6384
6564
2875
3497
5050
0606
7888
3360
1995
9655
2376
9325
1432
3359
3908
7574
3423
9896
2485
7560
6808
4405
8214
1459
5966
1310
2979
0862
5898
2460
9222
0958
4992
8595
9250
6419
4704
3098
7662
1866
7538
0803
4552
3774
5476
7689
5037
9621
1470
1138
3857
7795
7900
6027
6388
8182
6846
3708
4635
6461
4655
4691
1202
5375
9619
7386
9975
7801
6944
9493
5114
7547
6885
0376
3455
2175
3426
8228
5537
8547
4984
5545
8258
4277
7601
6801
2400
3955
7316
3697
3007
4922
7706
3493
3281
8541
7433
3540
0719
0077
5281
6353
9023
3936
9750
1581
6142
4015
9943
6997
1562
2590
4823
2123
1775
2184
1179
7790
9024
4318
3804
9041
8626
4322
4473
6361
0477
7788
9579
1652
9006
4314
3738
2995
3151
4490
7394
6070
5858
4901
7645
5985
1533
7051
2859
0639
2682
1027
0119
7244
1622
2082
2969
1941
5549
8929
4672
6661
9288
0918
9680
1758
3956
9457
0681
4451
2320
2532
1508
5310
9642
1988
1715
8617
9975
2648
7652
7070
5982
0014
1718
7156
0273
4736
9777
2323
2083
0160
9519
1685
4346
3683
1276
6646
3011
7203
8837
5589
4787
4236
4873
6423
2875
3178
6739
8099
1575
5595
6744
1773
6905
9558
2382
6879
7154
0676
2873
5638
8832
6594
0475
6649
4630
9255
0978
6991
5239
9853
1948
2675
8607
1065
9414
8708
1220
8728
3529
6617
5304
6795
9506
5913
4624
4436
9058
8779
2238
3517
1659
9031
9168
2563
7976
1729
0135
4328
2096
5429
6546
8358
5619
7232
4432
9629
6435
1527
2234
6406
4789
4200
8193
1725
1258
6840
6155
3252
4187
6851
6002
3804
9866
8280
7672
7216
5316
7502
2444
3517
9192
1176
5958
0540
6379
7882
0108
3436
4321
1714
4248
6775
2542
8389
1922
3310
9630
7798
9675
0988
0940
5683
4932
9746
8379
1381
2294
0035
2083
1165
7586
4009
6847
5807
2203
3065
5697
1478
7706
1326
5499
2866
7670
7953
2106
2644
8694
2231
6415
3380
4236
8099
9141
5721
4522
3462
5700
1112
5106
5453
7303
9047
7768
0591
6444
3730
5840
4262
7170
0934
8237
5529
5181
1780
1849
5936
4460
7097
8482
0403
0260
1700
8750
6559
2025
0029
8559
6225
4736
8267
7568
4196
8552
5483
0839
3308
8791
6486
0505
2131
0150
2713
4797
8880
4118
3263
5068
9629
3963
9836
1127
8643
1541
8488
7900
3183
5295
6512
5530
3499
7325
3878
0963
7490
1504
2314
2282
4658
3113
0046
7878
5302
6017
5354
0872
2338
2555
1358
1438
8733
7284
6478
8633
7005
2871
1654
1961
5836
9988
7538
2612
9794
1269
1616
4901
9629
9777
5819
1719
1861
7557
3854
1958
5756
9030
9312
7496
6885
8885
5287
7202
9925
1494
2589
8234
8274
9355
0148
3146
9987
3967
5059
9539
9884
2423
4733
4278
2524
6820
2310
5683
0842
2420
0950
9375
6661
6327
7237
7891
8065
5150
5771
3723
4086
2237
0657
4483
9252
9320
0534
3437
1002
2052
0789
6821
9729
3834
1777
4665
3811
3588
7381
2646
1295
8361
1806
1744
8981
7124
1734
0738
2983
3617
8572
4327
4789
7124
4547
6506
8602
7721
1424
9816
4741
2638
0307
2388
5127
2771
8972
9260
5343
6537
9845
0945
8586
6829
2696
8675
1936
8313
8265
3937
2343
8685
6291
1801
6850
7073
5521
5368
4577
9489
0334
9421
7248
2849
2111
3200
6484
4336
0302
2547
5771
7312
9887
1455
7137
7913
8682
1802
3368
4878
2113
0466
1100
1775
9194
4223
2890
7802
4690
9686
8374
7735
3501
2896
4036
6772
3953
5007
3093
7001
6725
1013
7479
8056
1728
7150
6433
7131
6163
2960
0749
1873
3917
0396
6727
6107
8218
8572
5716
1267
1133
5154
3427
9315
3852
8252
7937
6446
6132
2236
4503
5414
5711
7604
7781
9526
1455
0787
9429
5098
7997
4254
0015
4902
4959
1671
9578
7750
3034
1683
8111
2807
9866
9115
9299
5826
0177
6569
1754
6988
3044
8786
5255
1705
9890
6339
2708
9773
2919
3737
8591
3513
3722
4907
5496
9904
3084
9878
6216
4298
0039
0642
6593
7444
3498
1962
2263
2936
9851
7573
9173
8992
4694
2359
1880
0971
2486
9780
5782
6536
1836
3726
1661
7912
3959
7840
7241
4705
7484
1627
1870
6205
4343
6135
6552
6471
4834
9994
6679
8773
8247
6577
2732
4260
5083
6521
8915
1642
3337
9399
9063
6156
0080
7735
5634
3322
6139
7863
0067
0254
4800
3984
3108
1567
7714
4415
7884
3809
4147
5927
5017
0273
7167
6579
4385
7801
2441
1417
7363
2388
7283
8042
6789
8702
4614
3193
0361
1757
0332
6494
8373
1157
4542
9992
1281
9768
5807
6153
0655
9776
9129
8898
8617
2779
5286
2582
4360
2482
9005
0934
8931
2468
0153
9412
1515
5049
8659
6098
8179
7991
7727
3391
2905
9808
8157
8340
1319
1915
1655
6236
9123
7189
7319
0328
3111
2097
7510
4054
8999
4190
6508
6064
8669
2697
8136
9115
6782
7494
1108
5868
3664
6507
6319
2896
2250
7708
6906
9776
2285
3056
9798
5951
6339
1413
5915
6638
0680
4501
7156
9386
1157
1588
9830
7089
9769
4497
6267
7880
3254
5572
2808
9316
9391
9623
2661
4728
3576
0150
8053
9298
2103
5602
6532
6890
8435
0949
0284
6718
6826
7117
4959
5637
0543
7631
4411
4034
9725
9095
8178
9678
7194
7833
6447
7416
8416
8828
6236
6036
1389
9104
7897
8476
5146
6660
5066
9460
4873
1821
4497
7570
0879
9997
7358
5252
7823
7257
1450
7754
7287
0783
3826
8342
7793
7661
4395
5272
6416
4355
3932
2011
5730
1156
8046
2590
0578
8240
2220
5973
4670
6217
3622
8918
8807
1698
0594
8352
9194
7464
3430
0210
7344
7991
8695
8812
8708
9171
5642
4044
6911
7146
5653
9162
2285
4528
7219
5834
3614
6991
2420
5229
3395
7206
4319
5712
4745
8778
5750
2719
5420
6408
0017
6745
3776
9080
2801
2100
1439
7831
0018
3691
9491
9666
6267
5959
3793
8452
6616
7701
4362
1496
6586
1987
4737
7074
7094
9808
1787
9604
3718
3615
1363
3370
5611
1257
0622
0687
7336
3901
9692
5412
8050
1742
7432
8912
8710
1849
2086
0554
3203
0814
8822
1269
7665
2233
0102
1699
5964
7845
4958
2600
1634
7648
9247
5493
6331
6022
6843
5099
1571
4366
4973
1876
2285
3580
1114
3976
8123
8287
5007
0843
1474
4146
8823
7931
6033
7543
9430
4597
5308
3237
7614
9093
8099
9645
3920
9879
7480
8443
2106
0877
8293
2928
6614
1476
4227
8534
4135
1327
7987
7624
1670
3365
2497
6457
5389
3138
2314
4706
0803
9749
2772
5799
3158
1409
3033
7348
6072
6122
6951
9062
9980
3204
2180
5227
3277
5116
7031
5765
0258
8554
8833
9514
9290
3039
5937
4151
0325
0565
5304
5741
9913
4967
5088
1154
4412
2141
4962
7902
3480
5951
1038
5540
0364
0802
9557
0868
8558
3552
7937
0930
5457
5579
8064
8640
5771
7760
7970
2622
9149
2561
2587
0608
7373
9792
2228
5544
7885
9679
7634
1565
8593
9592
3835
7848
3396
7426
4736
7071
8429
4185
1426
0483
7404
7495
1130
3202
8108
6219
8069
3558
2185
6969
1694
1162
9921
6735
3649
3411
2092
8543
9528
4222
1735
1020
9989
6794
0876
2234
4869
6966
9305
2621
6872
0755
3206
4654
8476
0853
9766
6567
7716
4512
4272
7744
6414
2840
1783
3739
2026
1984
0408
2603
8774
7530
7365
4985
9713
9672
9964
8623
0593
9354
2174
6622
4276
9161
2397
2338
2288
4980
0040
5246
5742
7769
6133
1273
6832
9736
7610
2032
0453
7544
8770
4582
7059
6183
6977
1664
3156
0384
5637
4106
8294
4328
3379
3330
0313
9397
0102
8095
7632
1337
6170
2674
8894
0633
8249
1570
2530
0436
0083
4100
4231
8300
2919
4959
5671
1246
5783
8883
2967
4180
3666
3447
6859
1344
8402
6061
7667
5711
2493
8625
5129
6408
4912
3052
3625
0333
8703
8409
0074
2867
3415
4722
2039
6120
3508
2448
8226
2251
1771
5919
4917
5574
3595
4297
1089
2057
3333
7680
6313
5528
5697
7158
7279
8341
8844
5391
2671
2967
3199
4944
4976
7199
1559
6000
0911
2990
7093
4185
9909
3440
9131
7874
0656
1368
9766
4431
7643
3082
8008
0591
6617
3308
6460
7949
1351
7573
3537
2994
3886
7134
3773
7121
5039
6267
0807
7839
5147
2057
3617
3673
4482
1449
2032
1472
1472
9775
6822
9003
7192
8137
4440
6567
6117
3526
9852
2697
6753
6859
4394
8782
2901
7155
3424
6588
8945
1269
9824
1560
8930
1361
1294
8492
5901
5362
6734
5248
5707
8364
1943
3606
2952
3344
0913
6386
1945
3865
1153
8021
2351
1384
5518
3584
3737
9461
4826
8745
3861
2618
7789
9044
8573
7581
0163
9049
4536
8506
2984
8818
6843
7550
8424
1340
3130
8865
1939
7061
5387
7279
2969
1681
9757
6971
7332
8928
1227
4141
6216
6307
2275
1610
4435
4484
8872
5509
9419
7998
7071
9510
1787
2680
5107
9671
1957
1103
2384
8436
6011
8079
3205
5925
6681
8239
5918
0988
3417
1936
5555
7021
6061
3356
2982
2165
2223
6246
5822
1198
3269
6847
7168
2964
2684
5286
4637
1223
3483
6666
3885
5839
6939
6069
2215
6924
8379
9874
1634
6055
3630
3719
1657
2586
9437
3570
1032
5016
1746
2386
4361
4719
2925
7986
1896
3186
4726
7173
9887
5353
1652
7642
3702
7208
2994
4859
6388
2854
0729
0189
8828
6503
9752
5499
0411
2423
5404
7724
3074
8972
2319
8147
8586
4736
1233
1960
1665
2739
3946
4813
1530
4294
8194
3294
5550
0336
6940
3966
4926
6892
4843
7778
3670
1498
4488
2097
1476
0331
7168
6966
9043
4678
6770
4264
6524
0584
1889
0949
8409
0189
4073
2752
5940
1932
4592
5166
3820
6446
9808
4017
6210
5370
9575
2009
9175
3213
0544
2781
3147
8004
8747
2424
8448
5407
7473
6273
5378
5162
9041
5878
1451
5775
8960
7600
7678
5238
9051
2974
2582
9729
5548
8811
4246
5331
6177
3826
1078
6865
5216
8015
9476
1179
8698
8779
5895
3113
6567
6530
1959
2148
8961
2495
7452
2524
8943
4108
0379
4283
1969
7002
8357
0482
5275
4176
4319
7150
4767
9554
9905
7647
6759
9846
6876
6202
9394
3719
8967
9042
2064
4855
7786
6696
1099
8289
1023
1553
8568
8959
1714
1713
9779
0019
7795
6368
4275
3916
3952
3255
6277
7714
8381
0809
1983
2450
3297
6755
0576
0724
3169
7118
5864
7597
8667
4522
1879
2177
1283
4624
6961
9135
6235
1551
3544
9949
5353
1087
1207
4362
9983
1033
0977
6478
4881
3358
5979
6036
1914
6218
8387
8315
5910
5822
8986
5892
9960
7720
1056
5119
1751
6913
8301
7406
5245
6310
6430
7136
6237
1237
2016
7962
3703
7504
7936
8154
3795
6870
8681
2880
9592
4399
2307
0641
1253
2892
8339
9176
4153
8270
3955
1601
0177
7342
9010
5912
9884
7362
1429
2934
3757
1530
9157
2356
9450
6617
8848
6028
9776
3443
6274
9817
3961
4807
4438
3217
6708
3252
8599
8476
5800
5982
9678
8728
1115
8422
8928
2797
2499
6103
6993
7425
2709
5221
6673
0514
4303
8250
9042
9005
2026
0701
2095
6248
4184
1264
7168
6203
8504
6829
4359
7445
2587
7465
7090
7862
3586
4119
4146
5945
8588
6858
7326
8469
1741
1782
3804
2863
7606
8979
3504
5008
2172
4791
0772
0842
0857
3252
1903
8119
8015
8970
2356
8537
1846
7293
5995
0458
7649
1519
3351
5769
9424
4412
4791
4316
2316
7072
0326
1317
0299
0240
6586
8819
2044
7891
9591
8783
4870
2076
5213
6232
3825
2665
3782
2439
0117
8894
5915
1676
5887
1909
5683
8860
7542
6402
2059
9256
4877
4133
5032
7717
1937
5181
8617
3749
8980
4444
5233
5991
1160
5680
5601
1373
9880
7086
6045
7455
8789
7305
1541
5610
2943
9175
2188
8647
5544
7148
8935
3465
9959
9226
8132
9926
8381
2796
7505
1221
0287
2022
8118
3134
1429
8467
4104
7721
7182
3237
0207
7475
6884
4932
6636
4433
6656
1933
2475
3501
5438
8473
0862
2918
5085
4314
5150
4898
3133
2825
3237
1964
2149
2802
2132
7087
9429
1821
4648
8531
9289
1867
9270
9612
7835
6470
0132
9210
9401
6489
8791
9369
9689
7640
1417
3694
3953
6293
5511
4925
3073
7070
2638
1794
5665
8488
3022
1436
1955
8260
6296
3748
7140
9196
1962
4311
0638
4394
2764
9339
9089
4455
4516
6609
9009
8907
6199
7725
9161
0875
8992
3757
0994
6257
8938
6747
9674
1476
8211
7698
2069
4618
0576
6006
5691
1526
9022
0755
3522
8088
5471
3307
2146
1201
6606
6646
1758
6491
5322
5765
4929
1864
4880
6344
9143
1849
7016
9721
0835
9289
0151
6553
8275
3091
1335
1755
8241
6667
3379
4976
6313
3489
0950
5320
5950
9752
8305
4045
9571
0759
1092
9279
0470
9366
9358
8414
1024
5602
3921
1188
2253
4369
1013
9185
5936
9091
3116
9969
2316
4349
2979
0461
0589
5705
7666
8502
6343
5810
8156
7608
8514
1698
7641
4493
6634
5444
0303
8275
7944
7665
5965
5817
3661
0616
6277
9835
4282
4217
0595
3868
6520
7901
7185
0129
9162
9530
7960
7908
2483
2065
0269
0686
7011
8549
8248
9850
4300
2194
2538
8303
0387
6051
6324
0123
4897
9949
6063
3889
8002
7292
9424
9999
8815
7430
9039
4879
0352
9090
5754
5498
5547
1102
9469
6267
6394
8361
4183
0124
2682
7832
0729
1307
9789
0406
7594
3017
3132
7530
5820
1692
7823
1456
3105
7833
5449
5047
5318
1968
2835
5531
7731
0050
0397
9767
5333
0644
5252
2354
4115
1662
5759
8414
6587
6154
6227
5934
8771
8661
2373
7253
9597
0811
6589
3007
4969
4525
5864
5008
7460
1610
4015
6921
6354
9553
8610
5555
1953
9180
2793
1921
8461
7465
7536
6698
5283
3388
2992
0290
4036
7618
2958
6795
8728
9573
9574
3380
7005
4500
4013
1967
9994
6082
1865
8935
7639
4547
4479
0556
0780
8264
8639
0718
7499
4024
7870
8178
3968
7431
5216
5206
8802
6241
1053
9080
7062
4982
1647
7347
8003
9511
8512
0788
2418
8527
0902
3939
6126
5150
4427
7299
8367
1810
7617
0114
9370
2701
3564
6446
4191
2608
4636
0433
3706
6252
9517
8677
1465
4748
6623
2668
0840
7702
4641
3448
3941
7836
3804
1015
7121
9111
8127
7553
1207
8836
1003
7490
0104
2806
1769
2406
2187
1308
6610
9611
2901
5866
3004
9220
0076
0457
6047
8470
6918
6364
0351
6617
5604
0336
2145
0223
8860
4382
1230
6081
3811
7365
8443
2010
1141
0958
8348
1360
1123
5398
7442
0462
9925
9576
8022
8490
0699
1586
9545
8026
8664
6552
6286
3382
1162
1937
9480
7528
5570
1908
8644
5221
2186
3132
9398
1997
6980
1303
4419
4771
3199
2259
3980
8760
3998
2423
2574
2004
5176
9862
6784
1346
5793
3289
1121
2077
9767
1165
3547
0775
8280
7401
3983
8414
3111
4695
8352
0734
8861
8159
1930
8832
9287
1822
9413
4685
4546
8570
9246
7961
6573
4990
1877
1734
6626
3320
4451
0226
1810
1256
4510
1878
6191
5651
4464
5633
1865
7551
8565
2257
2524
3183
9924
6062
7481
4542
0139
8714
6908
4670
2714
5510
2470
4322
8002
5653
6433
4764
1346
7184
7120
8886
1629
4564
1665
4496
0141
5933
4548
6360
8906
9315
0500
0937
2610
5460
7782
6310
4855
8827
0598
6831
5407
5977
1944
5065
5755
3662
2992
3548
3806
6226
5766
6516
6410
9643
9342
1395
7216
4142
7228
4657
2469
0780
4150
3881
1036
3718
5139
8187
5233
9029
7039
6018
2602
9956
7049
7878
6857
0589
4736
8696
0293
7211
3794
4768
6389
3359
2532
5434
9625
7236
6722
0904
2400
6888
5040
9636
5398
7851
0489
1404
0059
5876
1855
0734
2948
5236
6238
1503
6830
5113
7372
0911
6788
6853
4448
9665
8386
8318
2266
0129
8401
1310
6592
4867
3672
3527
9389
0200
2345
7080
2407
7154
3417
3535
4088
8217
7550
4566
0894
7231
1568
5614
3682
7329
5111
9429
1426
4148
3247
6204
1032
0434
4474
8031
5737
8509
5438
7638
2547
4614
5211
5237
0189
2733
4973
6578
4770
5394
1040
1962
0318
0614
9777
8920
7367
8773
4780
5529
0324
8647
3524
3424
2108
8829
9207
2305
7079
9434
2034
3515
5300
3012
2168
0589
4266
5575
9222
6439
7204
7803
7009
6156
6205
1177
4858
8898
8622
8642
1236
6869
9664
9551
8517
3124
8996
8892
7571
1440
8344
5535
7712
0402
9743
2876
7078
8866
5838
3172
4262
2422
6253
9739
8563
7428
1051
9656
2843
6925
6265
2738
3446
4508
3163
5567
0701
4064
6734
1195
0013
4097
2098
4412
0554
6430
6745
3471
6775
2326
2706
1924
4607
3941
8118
2786
3573
9767
4339
0981
7987
1099
7120
0639
8356
7846
3557
2411
5801
6644
8081
9736
9331
4211
4517
4556
7236
7637
1017
5786
4602
8202
9630
4791
3575
7449
9070
4892
5371
9873
9152
4148
8590
5377
1562
2498
1361
4473
0522
3330
1271
0543
5901
9273
9482
9311
1274
8093
4203
4106
7825
8253
1800
0314
5832
1434
0238
4914
6774
4297
1678
7262
4828
6082
8425
1001
3928
4866
1784
2410
6850
0979
3630
8746
1577
7692
8710
4988
1383
1506
4961
7853
3652
8248
2810
3961
5100
8124
2832
7533
7849
9852
6568
8517
9385
0706
8454
2058
6492
3554
4915
4099
2181
3042
8688
3406
7408
1472
6935
6928
3938
1772
6255
8363
9748
7401
2900
7045
9711
8052
9585
6245
6406
1642
8564
4408
6483
9643
9867
0314
1159
4566
4965
5790
5489
4799
4379
1202
4337
4733
8161
8945
5734
7765
0675
0246
3336
8361
3535
3428
3659
8236
4621
8317
1747
0303
4447
9038
3884
7387
5639
7085
4304
2270
9807
0635
1007
6725
7917
9591
8034
8187
8316
1321
9497
9048
6620
7770
1278
0676
6032
8234
0719
7724
3332
9521
4910
5707
7112
6600
7334
9230
0754
9683
3721
9416
3557
0024
0500
1245
9679
9550
6711
6384
4009
7357
4527
9702
4039
7542
1029
9345
9660
1439
8067
8675
8302
9871
0227
7008
7781
6660
7059
7551
5190
8839
1922
0922
3296
3605
3708
8389
9598
6236
8832
2642
0076
3614
8095
1366
8813
7572
0300
4748
5752
7900
1175
7604
5701
1966
6992
1786
2935
6111
2393
4953
9484
6496
3219
7550
7603
0925
7325
7997
3277
8506
7532
7623
7915
4459
4992
0158
8373
5692
4055
8404
5968
6334
0711
7856
3308
2408
6748
1650
7819
7357
1479
5119
4491
6767
1938
1639
8327
0616
1537
5497
8801
1365
6671
5572
9917
8678
3870
6991
4942
4781
1155
4798
5223
0753
1461
1025
0561
2675
2886
3630
3912
2894
4076
1879
5436
3452
4012
2443
0196
0740
3609
4070
8612
7386
1924
1859
5196
9338
7199
2989
6754
9892
8172
0583
2112
9703
2382
6879
3907
8030
6355
3290
0916
5231
1056
9653
0345
0784
5168
1475
6063
0089
0892
6956
9961
5581
1758
4101
5424
2652
7073
2928
9114
4058
0917
9264
9937
0977
2804
2321
0258
3627
1024
9588
4895
5884
8037
4537
8140
3484
6286
4073
0849
8284
9533
0788
5530
1494
0906
4614
1312
8726
7993
6888
8121
4582
6267
2321
4600
3436
7249
2749
7824
1631
4303
6202
9035
5343
4539
0980
5643
7232
4404
4238
2918
2284
1998
6506
2611
8040
4644
0089
4253
2631
4009
5370
5734
0192
1225
6291
2645
4376
2345
6449
4132
5973
4622
9874
3474
0040
1656
2258
1654
6414
6663
8467
1011
4409
2596
4322
1050
0045
2069
1833
4923
7050
1936
8476
7322
8589
0395
2511
8893
7502
1780
2799
5276
7000
9185
3340
3445
4027
5844
3010
7108
2129
2255
9737
7471
5305
9143
4279
3582
8684
2437
6094
3013
9232
8660
5637
3560
9140
6452
3729
9177
2381
6837
7902
1194
4566
8662
2193
4782
8190
8008
4933
4391
8473
2329
5115
9956
0135
8796
4256
7125
7265
2325
3014
1889
7090
6799
3584
7717
9773
3811
3800
6024
3488
2043
6169
3390
9518
5173
4668
8373
2827
7356
0857
7493
5519
7353
2137
0207
9186
1175
3047
9571
9619
6723
9293
4543
5576
0873
4385
0465
1930
6531
2642
0324
8850
1221
4333
8325
9784
7462
2872
1955
5435
6589
3927
9452
8227
1500
4921
5911
6333
6399
7200
0945
7599
0351
9187
8455
6468
4195
0633
5537
3956
7237
8083
5616
7457
2733
8736
7794
0871
3740
4584
5062
8349
3591
0058
3910
9491
6811
9908
4773
6468
6298
2771
4785
6071
2936
6176
6856
8370
5287
1735
1295
4683
3976
2357
0433
2111
0553
3536
9035
3666
9285
4952
1682
9256
0804
7012
3407
7942
1295
9127
6194
3218
4385
5461
0486
7639
6399
7297
3211
4113
4365
4685
6802
8496
1511
3262
6297
5339
2717
6248
2224
2709
4827
4447
8395
8448
2504
3216
2073
5223
8883
4268
3775
3327
2792
1167
7701
6516
6884
1817
2985
4423
3356
0583
8381
3500
9189
8804
2962
1127
2028
3248
4330
0392
5653
5303
8873
8112
9884
5733
2781
8412
9812
0536
4551
7445
5687
4131
6147
0720
2056
1556
6579
4747
1576
4687
8219
2319
6239
0881
1751
8969
7823
1408
7339
7538
4045
8866
1357
4653
9651
4981
2502
1662
5090
1026
0007
6663
0217
1566
2734
6544
1878
4457
2510
0665
8303
8348
6179
3815
1397
1803
3763
2280
3488
9239
0167
8305
0274
6535
6802
3391
7213
9772
1844
6146
9820
8343
1947
0765
5393
7144
7030
7004
7770
4061
2703
6727
7554
0087
1449
9245
7843
0155
0322
0803
7753
5202
5084
7186
7398
5023
9309
4999
6166
0962
5106
7736
1447
3285
4570
3301
6862
0197
4910
8112
5577
3404
0096
1459
9414
5790
1717
0206
0856
1628
4311
2945
2117
1035
9955
3796
8558
1821
9367
3214
7310
9770
8658
2127
1463
0339
3645
0788
6701
7209
2967
2150
1839
5263
6042
0473
1346
6254
1539
1028
7950
0381
3535
2063
7198
2804
5530
9495
2405
5015
3807
7974
1483
9329
7574
7161
0448
7164
1559
4474
1689
8417
5286
6016
4573
8913
2065
6519
3478
9121
3098
4979
1866
8121
3792
2166
9916
4027
9780
1953
6715
2767
5198
2310
9280
7628
2008
1950
2231
6263
7203
9120
4148
8114
8044
2004
6831
9386
9941
3262
8470
0181
3502
3213
0705
5252
1892
7570
3886
5614
0696
3915
0014
4350
5907
0988
4846
3335
6818
9593
7654
9470
2546
2857
6915
1617
4896
9893
5486
3173
3444
0661
9664
3758
3001
3087
8473
2995
3936
3290
4716
6513
6676
6612
2197
5095
9845
5381
8727
6530
6040
5809
6049
6995
7036
7593
9907
6640
2352
1500
4619
3251
3733
8585
3423
3453
0971
8443
1510
5893
7260
3876
5558
0011
0939
0010
8510
1209
2468
1044
6070
9637
4401
0827
6112
6843
0485
2167
7921
4552
0379
8279
6869
1769
8614
8568
3656
2937
8534
4690
8795
5523
1250
1966
9615
7245
1764
3920
7108
2618
6339
5298
3872
9606
4588
2670
7440
6388
5323
7316
2959
7232
7483
7584
2821
7399
3527
9835
2597
5561
3223
4407
4103
0840
1904
5079
6815
1001
7175
7920
8294
8572
7652
0377
0949
7712
9854
7597
7300
5923
7509
0775
6144
9366
8530
3429
7267
5369
5332
8241
7731
2155
8094
4715
2116
7300
3062
3694
7139
5414
3199
7602
1380
2603
9339
3644
5607
2366
9176
1904
7635
3485
6963
0214
8863
8624
3291
4721
6684
7210
3808
8466
1082
2798
0109
0627
9745
7405
0828
2887
8566
9536
3202
4220
4170
4070
6267
6968
1553
0766
1011
5203
6656
5828
8493
9374
9035
8215
9118
5394
4069
5629
1031
0898
5545
9537
1782
1014
2618
0614
4493
1666
4990
5839
2437
0973
9980
8839
2768
8259
9931
7882
9321
1275
1021
6050
4695
7154
1461
2443
7841
6502
8395
4205
9008
7982
8836
3461
6837
6003
2440
4328
1515
5976
2064
7561
4715
9859
4495
4851
9687
0052
2650
4231
4124
3672
2193
6255
0888
0149
2336
5337
9930
8643
4384
1218
3481
4676
1105
6757
5732
6874
3271
8678
5975
0746
1163
4679
8809
1244
3597
3133
8008
7080
2016
1159
8886
4246
5706
0828
8342
0167
8301
4908
5786
7831
1704
5846
4806
8852
8264
9181
3078
3671
5078
9910
9875
0755
0350
9167
9091
1093
9421
4530
0266
4662
7469
4828
9302
5126
9677
9734
5851
3203
3685
4916
4480
2299
5647
5484
3815
2347
5938
2084
7052
3205
9810
1005
6507
0892
1862
0358
0453
8832
5656
8543
0940
3651
9512
5986
3649
5287
8741
1036
3452
0195
4360
6329
0710
9966
5309
1963
4918
7812
1782
4949
5241
4232
1304
4194
2824
8802
1359
1635
7412
7291
4621
5978
2636
4159
2162
4076
0978
5069
7775
6847
3720
1523
8696
5186
9711
5973
3659
4907
8846
8869
2321
3073
7677
4980
9569
5381
7316
5420
9462
1790
9322
2350
8974
6835
9688
5573
2989
4036
0478
0841
5977
2596
3633
7223
0579
7954
8351
7071
1200
5259
6446
6949
0097
6376
0743
7333
1654
1609
7865
1623
5983
8326
5182
9688
2949
6089
3695
4388
4270
3070
1511
3408
1179
5010
5208
0604
6809
7984
3640
3561
6643
2460
7464
6436
3916
4265
3954
2114
8962
6593
9817
9640
1145
3561
9424
3202
0329
3181
7003
2045
6035
2925
5837
1953
6988
4754
1874
7519
8742
3740
4983
4896
3002
9204
2664
0330
1384
0302
6942
6702
6311
4565
3311
5917
4417
5049
8431
5431
2674
0413
1174
5503
2271
7593
2618
2956
2254
6124
9724
8556
4742
9452
0372
2599
0980
5172
5114
8168
3291
1753
8545
7366
6282
8006
9899
8670
3271
4773
2558
4047
6233
1089
8637
2229
0260
5429
8867
7294
0804
2966
5910
6246
5081
5769
0281
9472
2588
4984
4855
5257
8255
0392
0596
7817
4320
1796
2115
7737
8481
1088
1251
6542
8849
3053
0349
2717
8039
4940
1386
9620
0137
9575
8421
2588
5958
5355
4829
1978
0632
0533
9986
3880
5444
7838
1319
5728
1462
2521
0003
8218
3065
2835
7846
7160
6239
2483
6587
9402
3617
7083
9464
0263
2093
1931
6899
7021
9041
6814
0631
6917
1143
8612
4257
1069
6619
6380
8325
2572
4133
2250
7020
1089
4468
3307
5040
1037
4186
3655
4769
8057
1617
2013
2857
7047
2114
8525
3185
4293
9510
7852
0116
7888
8678
5134
2380
2975
3882
2857
9086
5056
8073
5049
8908
2469
2860
9236
1633
0191
5921
1288
5938
8935
2078
1383
8747
5982
6957
9968
5645
8925
7130
0572
1457
4601
9023
9902
5260
5778
9751
7936
3054
2186
7127
3857
2619
8151
5193
0336
8971
1794
4514
3743
9275
9696
0916
2205
7256
5746
9170
4598
6818
6379
9829
8876
0844
8999
6182
2545
7082
6423
5943
1749
6966
1814
7115
7414
2834
1170
8302
1173
2667
9762
7751
2502
6877
5049
4601
7518
0315
5729
8091
1711
3461
2548
2238
9832
3239
7134
6986
0273
4432
4180
4522
5801
9800
4485
0338
1812
3896
5980
9836
2193
1004
5375
6848
0434
1414
2841
1449
3604
2828
6186
7475
1344
2063
1153
8480
5006
1366
1677
4948
5166
8170
4235
7423
9671
2265
0086
8224
9073
