4631
9165
2339
1611
8427
9254
8337
4989
0823
4106
5511
5633
4373
7397
7998
1059
1750
1484
1462
9131
4254
6280
0913
8498
5872
2679
7977
4250
0408
9675
7542
2479
3947
0439
6248
3779
0464
6135
1212
3943
1656
5744
8517
5658
2322
0724
2533
3732
1864
8768
3630
9354
2055
4262
4108
8801
0468
6420
9274
9025
1369
3355
4210
0654
9676
1951
7460
9530
1691
0102
8126
6147
1457
5473
5059
3116
4899
1574
5257
4123
6613
4297
4817
4679
0803
6267
0911
2691
3058
6032
1646
8738
3739
9066
5376
6155
5247
7332
9249
3458
0471
8314
2908
0270
0048
1764
1454
7385
8172
7650
9297
7450
4630
2633
5758
8593
7857
6417
4363
4301
1921
3803
7071
7588
9171
8867
6410
5486
3269
1594
3930
3779
1805
9879
4768
2027
4286
3377
0530
4788
3636
4314
7956
5070
1300
6178
7753
5356
1477
9200
4912
7041
2763
4160
1361
1277
4589
6744
1250
5645
2386
5553
0178
5745
9457
8496
1890
0866
0482
4516
8457
1326
6331
1486
9202
3540
7837
9431
7757
1411
6528
6076
6678
8506
6421
7499
0107
2626
1944
4788
2954
7278
2255
2000
3781
9199
4020
8628
5699
0222
4953
6512
2076
8374
9718
7470
0241
6056
3479
4290
9237
4179
2213
0883
9919
7149
4362
7410
3091
9531
5092
2784
9017
5639
3671
6559
3337
9812
5945
6138
8057
8931
5117
5314
3712
7817
8048
2579
6120
7895
5519
1450
5755
6941
5506
7059
6713
0429
1301
7190
9708
2431
9136
3323
2603
8858
0743
4184
4026
7752
3758
9717
8571
7498
8199
2720
9369
2277
6662
5588
4506
4377
0022
6657
0447
3907
3532
8012
5699
6845
4967
1573
7747
8404
1454
9618
7767
5307
5866
4545
3744
3130
3777
5849
1224
3235
4624
0583
1506
0659
3835
1621
8027
1944
9532
3805
6876
9550
6643
7300
6339
8896
1787
0433
4540
9476
3059
5106
4187
0605
4162
1467
4069
5239
2861
2862
3272
7534
3655
0032
6803
2290
0582
9816
5200
8679
1900
8308
3180
1179
3635
3867
5021
6361
5216
0786
6944
2478
7740
2412
7333
6605
1041
5196
0690
2156
7573
8179
2153
2881
0608
9569
2532
2018
0427
3385
4071
4467
2950
4031
3556
7291
3281
4572
2768
1150
8575
9344
2548
8347
0358
3138
3567
0192
3555
6357
5363
7648
7145
5323
2589
2319
5345
5005
5841
7815
3846
2664
9494
1995
2706
2024
6495
0763
2283
5805
8324
8871
0810
0758
9877
6722
5269
0888
7681
1978
5036
5581
7852
9736
5605
5417
9750
6017
9518
4142
9710
9463
0968
8204
0288
2529
8401
0409
4009
7999
5412
2078
1598
3516
9839
6295
6569
0747
0402
2944
6313
8497
0392
0949
3145
6829
2959
9234
0266
9239
9829
9329
9403
6019
6868
8687
9317
8092
4235
8421
8270
9157
8853
2281
0312
5276
5533
1367
8375
7810
7811
8568
9337
6098
3193
5292
9547
1821
2424
1177
0893
3439
0394
2178
7353
1415
3590
1983
4390
1827
3428
8772
2085
2510
9427
3630
6262
2572
5433
7635
5255
3678
7366
4425
4981
9395
4506
6183
4937
6612
1557
8713
8636
5385
3213
0473
7196
6252
3679
6153
3928
5278
7973
1896
9129
8282
1266
7765
1767
5756
2187
3196
3853
0285
5715
5765
3675
4491
1101
5020
2001
5766
7099
8091
6102
0223
6496
6935
4681
9679
4056
6479
2923
2468
0536
1721
8502
6987
1715
0331
5651
4411
2459
5894
1229
8999
7151
7042
0199
4767
6639
5585
8109
5677
1787
1408
3337
0383
5882
1791
4184
5873
0034
4163
4970
6199
8548
2462
2289
7816
7236
4254
5096
1863
5769
1131
9485
7361
1670
7390
3001
6489
5714
0603
6752
9270
8453
6278
0433
7535
6633
4943
4102
3519
1268
3673
5046
0121
4168
1995
7073
5487
8245
9424
3771
2665
7023
1082
2208
8118
3645
6261
2284
9870
2258
2345
8772
6126
1786
4704
4029
3481
4753
9969
8154
2478
2010
3006
8784
9696
9122
5586
9245
2492
1744
1574
5126
1500
8094
7193
4891
6750
6644
0125
7904
5060
7401
5987
6165
1339
7865
5455
0779
8259
6385
6029
6734
0189
4008
5048
9440
5622
2828
2592
9400
5027
2670
0237
4266
4835
4469
9311
1363
8741
0369
9035
3437
4247
7318
8087
1022
2607
0287
0172
5141
8208
1731
8561
4841
3214
2376
9247
6572
1855
3113
8525
7576
6541
3715
0656
3114
8998
6941
9323
2859
7455
2516
3090
8865
1595
3804
0574
1060
8483
9351
0594
1230
5037
2443
9392
3838
2099
7433
3880
8355
8488
9232
3002
0019
4896
7162
8141
6630
2866
8532
5070
3482
4972
3478
1774
9289
7706
2925
3650
4818
7086
2670
0845
1979
1433
3568
9214
7259
8041
3578
5977
7686
1757
3007
3794
2266
6795
9525
7895
5977
5734
1186
1746
0716
3465
2468
4181
4732
7874
3656
4508
4014
3809
2712
6652
8281
6849
2711
2127
9770
7857
3493
7243
4517
5267
8847
5360
7745
8061
1791
3702
4924
4242
8799
2856
3227
8986
8325
6215
1868
6620
1747
2766
6864
9711
7849
9992
1282
9581
6563
1391
9663
1258
9952
3550
0508
9876
1063
4846
2972
9697
6921
9941
1395
7853
8478
2611
9553
7724
0651
4298
9116
3854
2730
5713
6476
7272
7887
7185
7702
7166
5036
5105
0346
5411
3161
1424
3836
9986
4800
7362
5442
0430
9477
2392
6864
1144
2440
9546
5278
8534
5339
0608
8835
8314
6890
2161
1634
6456
7711
2913
4633
9543
3104
9357
4258
7762
4909
2507
0380
7410
0129
0525
8509
8749
7557
4572
0758
9826
1477
8337
5548
4525
0133
6026
0261
2031
0907
2202
0613
8818
1188
6585
3921
5103
5369
0784
4355
5224
7043
7141
2092
8427
4750
6573
0358
4519
0552
8726
8875
3333
6795
4055
7841
1627
6944
5371
5798
7648
5618
5583
1313
2634
5385
9770
4280
5250
1600
7801
6193
2987
9893
4392
4474
0242
6091
8958
1986
5666
2303
6208
6213
4435
6338
8019
4196
2574
9877
6933
5282
7223
9794
5732
6381
3124
3558
9441
9204
9589
3734
0324
2989
5728
9959
3380
7127
3927
0392
3695
1682
1806
1566
0037
2610
2726
1307
9997
8191
9034
0570
7366
1386
6748
6530
1872
2025
1230
1160
1812
0620
8761
3754
6191
2375
6329
6640
1281
5098
6559
1256
7140
2462
8075
6168
7737
9129
1401
5672
1498
8278
3317
3204
1871
3697
6763
2770
3729
2056
5486
5478
0377
3230
9449
1339
3852
5576
8611
5082
1340
8944
8817
7162
6456
6897
7435
3784
5960
5831
4756
9473
9520
4579
6922
3154
7938
2167
4218
9157
2343
0572
3113
9437
1053
8779
3152
4114
7035
9466
6211
7981
8353
7412
8971
7912
7213
3203
0835
1221
9239
0227
7936
2425
0472
6170
6856
8889
6257
1626
9793
4373
7538
8540
3043
7750
7311
4019
3294
8608
0616
2218
1043
3279
3067
1873
6868
4659
8902
1635
9621
6500
4926
4482
0582
8452
5272
1018
9294
3069
3820
8344
4449
1146
2440
1442
9041
3508
1581
2866
5766
8183
4252
5583
9627
7424
2315
2385
1536
8622
9772
9989
9532
3247
2897
8686
5138
7329
0679
3342
7352
4340
6336
4940
6216
0020
5956
4692
6352
7128
6582
6976
8008
6259
1439
4333
5812
8195
8487
4217
5721
3817
4933
2847
6575
2302
7596
8050
5679
5241
2042
8128
0562
7065
8031
8306
9759
4255
5400
7729
1813
4731
5846
2920
8948
0442
6944
6477
3571
8521
7838
0952
3962
0822
1399
6832
0282
5981
3791
9275
5321
3224
0482
3753
4684
9779
0118
0991
7514
3012
7672
7203
8306
0149
9926
7220
4354
7333
5353
3410
7523
1687
8190
6001
4012
3374
0839
4451
4622
5994
9983
2083
1431
6950
4129
4961
2273
5166
3935
0735
5937
0727
9425
7406
0645
6425
0824
3856
8027
9247
3162
6204
5568
9014
0632
6710
9705
6700
2676
1470
1417
3557
9330
9018
4845
7912
9746
3534
4523
1942
9478
7202
4149
1683
3662
8779
9810
7144
5166
1443
3720
5962
1620
2020
3636
5931
0710
0849
4364
2908
9035
7395
6823
4768
8336
8110
6781
3841
0134
5043
7566
5705
6447
3568
2761
8483
3911
0649
8670
4526
0685
1679
6829
7225
8144
6688
6267
2126
4690
6113
5165
1171
5122
5117
7000
9495
8789
9066
2008
0152
8978
0834
9123
8519
5049
9928
5144
6517
6338
0263
3963
6412
6009
2337
5283
3423
2628
3198
9263
0125
7725
9122
0828
4903
6945
9573
0948
9179
4607
7567
0329
5479
3528
5914
0443
5558
5467
3196
2572
8744
4359
0155
2379
3425
5170
2082
6107
5061
3763
3451
0248
1169
8411
2719
1121
7321
7203
1074
3386
7350
3548
3295
1050
1311
2239
5712
5345
4681
8579
8732
3930
0139
7235
7006
7416
0223
2004
0809
5345
8997
4150
5175
5837
9243
5748
8824
9350
7771
5435
7182
6014
8507
6230
0939
2034
3568
1755
7437
7593
4180
8047
3227
7708
9006
8690
7135
8866
9231
5029
9391
0546
1672
9667
8828
4553
7114
8287
7455
4424
3558
1677
0190
2622
8746
6325
1090
9161
2266
1571
5798
2918
7857
6804
0787
5699
6904
7406
2837
6311
4967
7753
8750
1263
3156
4345
6620
4467
7617
1755
0485
0042
5602
0737
8901
5985
5219
5531
7197
5731
7295
1861
1388
8693
6049
4974
6660
5185
8646
0738
5120
2315
2539
4866
0544
9633
8004
7069
0046
6663
9442
3353
6473
8626
6380
7503
5012
6820
2613
0138
4995
5937
3679
7514
9106
3908
9374
8580
1320
2979
3479
1954
0911
8905
9044
8825
2301
4443
1147
7699
9222
7173
0434
2761
8018
0298
5598
4162
1697
1072
8357
3849
3464
4762
6372
7119
1602
2757
4537
1825
3835
2947
5790
1580
6951
3584
1907
4947
4070
1402
2659
2962
2967
3088
5813
3074
4244
7547
4912
6950
4200
2484
1814
3196
8767
4368
1959
3242
9660
7768
1649
3035
9976
8538
5293
7813
4019
4058
9335
9946
8316
7449
7284
4360
1188
8267
9191
2646
0602
7726
6932
4605
8077
5221
8448
2997
2402
5816
1497
0177
4839
2400
5360
8263
9724
5360
5317
4635
0929
6216
6586
8859
2684
9989
6566
2018
6025
3395
5756
1882
1591
9178
7243
4313
4226
5971
4481
1080
7145
2881
1968
8150
4843
8016
9711
2341
6074
3946
3554
6411
1744
7047
7884
5910
3952
4085
2388
9391
5603
7737
2588
5017
3926
9452
3524
5454
9254
5205
2814
9761
4518
3013
6159
3628
5677
1473
8140
5435
7741
0729
2918
0806
0901
9993
4255
0956
2886
4700
8704
7174
5950
8952
9049
3251
7000
4932
9732
2349
5402
8124
2603
6996
3121
3424
4576
0491
7063
6549
5540
8651
6263
8111
8433
9909
2504
9191
6293
6315
4810
0220
8912
4778
8582
3596
7736
6392
2882
3564
6089
8260
0029
7584
1264
5677
9801
4684
2689
7613
1098
9280
6482
8175
6877
2340
8835
8594
1474
9201
0792
7940
9484
0386
7527
9708
5585
9734
6569
9852
0042
4763
9276
1471
0099
9735
5798
5311
3886
4349
0340
2806
2294
0367
4903
3422
6055
5682
7557
6667
1436
2619
3072
3640
3821
8875
5092
7256
3132
8205
4407
3725
9777
4322
4095
9772
6035
2376
8912
4328
0345
8309
3426
8635
9849
8055
4813
2079
9490
8021
5593
0692
0834
0201
8143
9102
9024
6295
8947
7738
9378
8844
9626
7333
0795
9779
2729
2695
8035
0790
7812
8419
6498
4787
6133
6843
8344
2969
4515
2838
7729
5660
4240
6206
8596
5388
9148
6113
7454
1934
2070
4061
5565
7056
6698
4004
6510
1590
5110
9201
6808
9586
1434
2482
6867
2051
9884
8044
0172
6219
8868
6102
9024
5808
1702
7325
1897
4886
9169
4075
3304
0516
0792
2329
9424
2379
3456
4271
4829
3661
5575
7077
3522
6527
4334
3783
2496
1671
7624
2381
7771
3096
5158
7463
0797
9388
9185
4850
6663
1364
7885
7715
1842
2825
6117
6668
9723
9473
0535
6769
7940
3006
1310
7578
4417
2406
5139
0919
8718
3947
6453
7110
5835
5030
8636
9999
0663
9789
3124
7614
8199
3932
9165
1115
1779
3039
1664
2433
4977
4135
7907
5217
9685
5468
9793
4151
7897
4229
7979
9246
7612
0689
7052
7377
7508
9034
4699
3474
3664
9975
8871
0446
8572
4124
8851
9011
8911
1047
3663
7283
6130
4824
0982
2790
0558
9847
0318
1368
5021
6094
5302
4914
4903
4454
9242
7909
4329
2514
3413
0827
5483
3418
0325
2933
7375
7957
8945
5756
7702
0279
1438
5877
9774
9152
0521
7004
8147
5991
6199
9690
9573
5432
5227
7948
9834
1310
3973
6553
3171
0006
1540
8034
9230
0261
0126
6230
6375
9474
2744
1027
5308
7319
3489
3741
9616
8903
0350
8304
1192
4064
5922
5648
1761
8185
7494
6691
3439
2890
1985
1138
4790
9770
4752
1782
5472
2517
1269
7410
7033
6476
8824
7440
7659
9497
6742
4360
4185
3915
6108
9816
9520
7959
1808
6709
1966
0363
8354
1930
3172
1229
8640
6194
3872
4105
3667
0743
7748
7261
9197
7094
6464
0505
6881
5947
0514
0007
9328
8714
2153
2315
9353
4167
8972
1198
2808
9506
9971
8025
8115
9177
2451
8141
2303
0553
4037
7838
6885
9362
6492
8114
8125
9131
4931
9790
1316
7944
9724
8173
0504
5061
3163
9216
9011
4371
7330
0329
5923
1010
7285
8245
8670
8589
7264
7738
7406
2491
6740
2039
5316
5463
3045
3298
8351
7009
8862
4136
6177
8932
7296
1326
7435
1544
7774
7702
9558
3012
2591
1460
2345
4960
8317
8547
6337
5687
0818
8739
1393
1396
5914
6965
0846
0262
0954
3106
4311
7471
3821
8512
1566
7572
3504
8062
8498
0081
0610
1842
8045
7444
7575
4563
6527
9910
5392
1071
6970
8346
6641
7681
3939
0527
6560
6246
0044
4709
6582
1834
4778
7964
4292
3073
6730
2581
1623
4069
9282
4314
8999
9091
0455
1779
0945
8262
5826
7044
1560
0266
5021
9155
4953
8740
7452
3870
6588
6725
2623
2177
3216
6529
1883
8238
1952
7554
3956
5059
9254
0012
4641
7386
6625
6405
0920
1251
9415
0116
4554
2597
4827
3039
2501
9175
2660
0446
4393
1743
9985
1761
6692
8445
2188
9690
0547
1969
4225
3962
9574
5197
8874
4066
4429
9096
6237
8255
3400
0673
4274
9362
0355
0759
9622
5673
3708
6664
5220
7063
3889
9207
4336
7613
0185
4839
4492
3540
6845
1243
5464
4817
5834
8438
6985
5316
9004
0066
7021
6239
1912
2735
0437
9032
0064
4026
8788
7670
4697
3587
4457
0785
9414
7602
4766
7046
2571
2168
3163
9004
9128
5021
5680
9496
1734
0286
4812
5110
6212
7285
7887
1597
3660
2722
2331
0513
8854
9443
2593
8253
5800
7222
9378
4904
0504
5020
7531
8259
0347
5551
4063
9659
3773
1669
6017
3221
4690
4310
3063
8066
6386
7245
8968
6285
1353
5868
4393
6831
8174
5871
4470
3966
8693
5911
4336
2110
3235
1117
9231
4904
9968
8768
2209
8479
2799
7037
3812
2487
5010
3939
7204
6061
6796
4842
4205
6311
4528
5253
7639
5337
3621
4004
6564
4621
7310
1405
1423
3240
0606
0379
9514
8764
0524
0072
3833
7493
7572
4274
6345
7616
5267
5204
5612
1747
2653
9875
4342
3355
1500
2459
1732
3891
1573
5417
4428
3613
9441
2388
2057
4509
8478
3471
3791
7270
2200
4023
4756
5118
0187
4190
6802
1201
9977
5282
5615
2364
7604
7577
4161
0359
9810
8988
6352
8689
9675
7788
4851
6224
1284
8858
3224
7423
6626
7939
8496
5406
8983
5723
0847
2726
1016
0364
2542
8476
0209
1905
5055
3671
4516
9757
8391
7082
7818
9397
1957
7089
2121
2473
6865
6928
2135
2016
1578
9332
4069
9424
7642
0162
4474
5008
1257
6285
5378
5073
8579
0918
3435
1916
5419
3905
2893
7281
1385
6099
7135
5197
9781
5622
3352
5401
4032
7399
7175
6571
8844
7933
0858
1920
8525
7307
2377
0500
4549
6071
2047
7595
8631
7796
9734
1202
6601
7515
2312
6400
6416
5152
1509
8427
4975
0842
8249
9321
4627
7416
0254
5381
3250
3196
7975
4206
2293
0388
0046
2325
2745
2808
6814
1911
4186
1544
1491
6130
4100
2515
6235
6553
7800
3048
2993
3948
6681
8594
2172
3508
2693
4909
6926
5625
6024
8234
8307
0427
3644
5085
2340
9504
8410
3023
4201
0412
3814
7165
6371
5478
1286
2181
8876
7746
9270
4845
5736
5709
3647
7925
1581
8861
4520
0455
9609
9018
0837
5204
6342
2152
1638
4121
8656
2042
4093
5120
4814
0105
6853
2083
3799
6922
4212
5101
4819
1537
5979
7799
3484
7806
7236
4636
5895
1794
0453
6792
6264
2522
4640
0409
4538
8043
0753
0915
0127
6705
3046
4496
4180
1207
5307
3710
5106
3339
0736
4739
6569
6881
3377
0603
5315
4774
5642
5683
8666
8376
7381
7073
8418
3229
6094
5616
6313
9998
8668
3061
8261
4353
1567
9758
8645
8196
9619
7961
4214
0724
9337
4337
9460
8355
4939
0344
4822
8417
5331
5789
4090
6495
8200
9768
4766
1528
0320
9876
7924
2951
1452
7426
7536
8198
7181
6558
7572
2976
4823
7666
6963
8518
3122
7883
6412
0498
7596
9959
1256
3785
7390
8919
5708
5316
0105
9135
6368
8471
5494
2400
5270
0011
3555
7080
9949
8497
6432
9596
8990
2069
1822
6501
3844
7858
6458
8237
2429
1534
5099
2096
0375
4444
7744
5244
3710
3618
1081
0049
1796
5189
3897
3727
3907
7716
3957
9565
9273
4782
1688
6527
2239
1350
9908
6454
3796
3842
0277
7727
5055
0562
5048
0308
7598
0637
0667
1070
5241
1330
5228
3908
0662
0042
3282
8140
9295
1261
8518
7241
8013
5794
1557
2821
9506
4977
2335
8695
5909
0491
2182
4850
7744
1973
7202
5087
0793
4126
0795
9209
4163
5486
5878
8868
3086
5222
5955
6492
8623
0404
4328
3007
8696
3470
1869
8378
4864
4843
0367
8310
4010
4832
5001
1578
9013
7120
3120
2872
6747
0310
6055
8223
0156
2594
5040
6472
1191
8474
8374
1066
8188
5150
5031
3857
2544
4987
5083
0829
2151
6719
4268
9270
8308
9170
4426
5031
3645
9868
4485
2021
7344
4232
0649
1123
8899
7308
9570
8653
4407
1929
7584
3061
2827
5269
7187
7624
3601
6819
0473
8025
9600
4274
4670
0281
2374
3564
4513
6589
7878
5019
9327
7800
9069
5004
5062
8198
7056
9299
6537
7648
6893
5818
9919
7603
5481
5772
4707
2086
4424
7877
6978
5292
4187
8265
3683
7872
3078
6503
0941
6233
7802
4492
9870
1593
9395
4470
0911
2055
5895
1662
9731
1776
4211
8402
6619
2662
0483
6012
5423
3363
4510
3244
0695
3728
6354
3416
0718
1515
4783
2266
2189
6140
2455
2025
8454
0913
7620
2253
6210
3545
6921
9302
6746
9762
7700
6765
0633
4822
5885
6841
8537
1066
3462
2010
8622
7086
4531
7484
1112
5740
3764
6218
9410
3607
4783
8840
5896
9923
8874
7156
1327
1586
9825
4053
2240
8615
9186
2490
1566
3653
3858
1624
2365
8843
6900
7387
9061
2890
2010
0353
0356
1168
5634
1830
8929
4265
4910
3047
5420
5849
7793
9204
8906
9156
1943
4019
8182
2165
5054
3614
9399
1655
1279
7344
3904
1549
2221
4907
4100
7793
9115
7304
9162
8074
2369
8864
6817
7131
6905
9545
2647
1289
9569
5756
1688
9330
8046
0404
6243
4885
6046
9359
1922
2096
9795
2705
8151
6169
5589
8163
2126
9704
1281
4897
4491
7059
7070
4543
4075
5598
6019
5781
3438
2681
4636
8374
0019
3655
8727
6837
1314
3732
5579
1646
6663
6768
7323
3656
5104
1425
2755
0923
5487
9033
0223
8655
4738
2053
5291
1623
8202
3404
5393
5628
8130
8266
3463
7266
9499
9211
1075
1326
9839
2279
3830
3309
9396
2304
7149
3742
1686
6645
5132
5958
8931
7102
1186
6284
5967
1964
1064
0885
6835
9456
5709
3874
4101
9077
6761
3543
0609
5185
5799
3459
4000
3638
2571
9285
3719
3930
7200
5290
0365
9308
7806
3382
3569
5000
7823
3684
5157
3534
7788
3847
7629
2398
4169
3597
6052
7133
6536
8097
5039
0102
1977
7243
4817
3933
6981
7679
3340
6041
3765
0751
9644
4714
9033
6343
7959
3817
2003
3818
0067
2882
5243
9945
8386
6311
7972
9946
6903
4336
7734
5327
4940
9029
7510
8395
3284
1667
6216
0603
3852
3284
9513
3460
3810
4302
6862
3704
1479
5138
2417
2351
1464
5655
7220
3528
0212
5364
1958
6686
1631
5396
9108
0773
4894
7529
9332
5520
8236
8372
2380
5405
3130
0248
9670
5529
0778
6473
9325
6951
4892
7035
4193
1929
6525
7153
2826
4855
3209
6432
2057
5371
1374
4499
5821
8313
1084
4103
2520
7896
8886
2618
3111
0361
1296
7243
3276
9144
6415
9335
4370
2826
3440
1034
5666
8128
5186
5677
8818
9281
9171
0052
1261
1819
8739
2514
8361
1457
8370
4097
3097
8436
7694
7690
9721
4115
3642
9114
2545
0501
7128
7094
4947
3953
3371
0738
2596
1151
7522
8712
3958
8616
6481
0238
0738
5112
9372
4315
8859
5353
7408
3048
0644
9013
2126
7930
9949
8199
7296
8257
5932
9060
9390
4604
7326
2240
8361
4108
9157
1684
0970
0618
6432
8430
4042
0375
8286
9867
5709
2279
9568
8807
2540
3615
0449
9003
3006
0805
7469
5408
6787
1053
0184
9824
5865
2233
2712
1338
7968
5005
3957
2481
7407
2360
3078
7191
9381
5677
7526
2506
5131
7398
0929
7858
5748
8829
6458
3023
4931
2685
7826
7621
4874
4149
1820
1315
9304
6023
7419
1638
9261
4131
4059
6106
1019
2126
1790
1685
2881
0878
0161
9420
6479
4115
5662
9437
1589
8389
4981
0447
2896
5653
3941
8362
0391
0680
5351
3102
3439
8450
3052
8957
6086
9291
7403
6744
5625
4896
7201
1621
6048
7903
7154
0483
4123
9644
3863
2286
5314
6183
5222
4506
8581
7638
7447
1384
6176
6984
1017
4040
7305
0757
3897
5012
0346
4664
6721
7699
3084
6144
4037
8640
6924
2379
2172
5466
6459
4449
2949
5833
3708
5214
3490
1640
4092
9475
2851
1906
6956
2565
4821
4842
3279
9650
1259
5182
4864
0834
0949
2498
3882
5360
7757
7937
3708
6422
4692
4876
4128
7472
5317
9044
5650
1831
9687
8730
5820
0160
1097
8618
4679
5212
7492
7740
0382
4431
3453
0851
7801
7516
4138
0307
8032
3361
3378
2841
2693
2616
4921
1106
7096
3433
2315
2914
8320
2996
8177
4264
6374
2215
2985
2613
5577
2848
1003
6969
8376
9973
6160
5121
1520
6645
1219
3157
6974
3875
9852
0199
0998
0933
3788
9318
2658
6362
0865
9720
8771
0805
9982
2763
1912
3169
9584
6987
6800
8090
1263
9069
6336
5715
3046
0984
9025
8368
7500
1477
8681
4880
8722
3408
9557
2790
0213
3356
0640
4927
1582
0411
3741
7221
9734
7424
3297
9452
3932
5808
3590
8603
6963
5691
1343
7592
6637
0444
8506
8374
3423
5142
6860
4042
5511
5016
5563
5489
8306
0649
8912
9209
1836
1837
1632
5787
3847
7142
0725
2316
6934
9057
1014
1877
5139
6126
8636
2349
9529
8390
2181
8011
9342
8639
3714
3965
7985
9439
2497
3078
7545
6237
7105
2887
0252
9369
3142
4499
0760
9825
4003
3794
4426
2630
5155
4056
3626
7066
0501
6532
4899
3216
9198
0560
8627
7320
4649
9980
5040
6659
7571
1282
5979
2677
0020
1069
8943
9971
0355
6556
7124
5157
3913
9485
2724
9696
2348
2216
2310
3223
8941
1119
0836
0352
9742
3868
4788
7174
2411
7775
7765
8818
9577
0732
7704
3772
6913
3183
2518
7012
5933
1697
3876
0473
9619
5980
7551
2499
0600
0929
5367
0736
7160
2503
9054
0628
6353
5137
6153
7015
0281
9242
5886
4423
6793
6751
5388
2754
3610
2464
9442
2622
6400
3566
1325
0562
6998
5309
9183
9467
8564
3253
0736
2763
2492
9240
6728
7003
9751
6688
6819
4955
4925
5477
5105
4882
0014
1603
8730
5691
0621
4392
0350
0424
3545
6097
2526
8992
1720
4405
0927
6834
3849
8945
1682
6115
4555
9906
6010
8283
2676
7320
6587
8152
2809
3174
5455
9773
4198
9082
5721
4159
6393
6501
4845
4643
6345
1711
1725
3526
3719
3711
8380
3693
4796
3563
7501
4667
4918
1671
8781
5102
4238
9942
5525
2134
5987
0411
7395
5529
6879
4202
7081
2927
7194
4147
6444
9668
3350
0917
1654
1293
1395
6680
6011
3473
3184
6402
9782
0062
4582
8118
3197
9049
4939
5394
0005
4495
1323
9541
1932
7920
9189
2149
9562
2735
0299
7356
0216
3133
1985
5446
9075
2494
6836
6484
2374
2685
6643
0157
6190
6359
9237
0438
5723
9664
9671
6232
2980
0142
0882
5134
4998
2021
8879
3508
6864
4961
3793
7122
8249
3803
6417
0125
8882
7004
0459
8394
5664
8922
9594
6661
1829
7825
4174
6505
7085
6263
3566
3047
3588
1921
8337
1167
0390
7742
9207
0422
0140
8038
3185
3587
1416
3598
0717
5514
4664
0515
3295
5793
4852
3278
2170
0834
1040
2786
0308
8351
2476
5049
7542
1959
0515
7096
1760
9227
9363
6773
0875
3762
5839
1835
7217
2115
0121
3349
2820
4066
6085
2810
1712
4025
5253
5657
7553
3002
8615
2122
3109
7000
6131
2670
9293
7473
8840
1236
3934
1434
3188
2932
8001
2424
5332
7687
2718
1608
7064
7101
0523
8554
9008
5515
3883
9399
7125
6361
7135
9797
8171
6388
3738
0367
9340
5910
9732
3921
0004
0382
1391
5659
7841
2682
3969
3852
3775
0409
6840
7143
9876
4921
6060
3724
4829
7099
8826
9809
4948
1022
5110
1366
5255
4626
8252
5238
2656
8999
9707
0701
9135
2371
1994
7119
7461
4169
3645
1153
3950
4695
9422
5404
5658
8201
0034
6161
3921
2843
8217
4441
9576
8279
7572
3208
7130
0889
7998
7109
7867
9614
8414
4851
9471
2695
8961
0575
9132
0222
5806
6493
2799
6461
6133
4012
3105
2159
0352
5806
5529
3871
5805
1041
6303
1946
5286
8779
9451
8915
3192
8546
2314
9652
7664
8403
3410
0494
5772
7067
9136
4575
6796
6414
3936
0391
5063
7447
2358
6352
0807
9282
0902
6431
4225
3093
2044
6606
6395
9329
5566
7853
1837
3399
8435
1929
9382
6681
7098
6730
7988
7913
6000
1213
3062
6159
7442
3128
7310
8838
6226
4452
9646
3076
7694
3949
5106
0689
5018
5047
0963
3717
5340
0278
5121
7828
0324
2070
2051
7312
2906
1597
0480
5498
9246
5917
1846
0589
6468
1988
3962
9774
7353
9712
1491
0415
1056
9460
1187
7693
4172
0973
0611
5256
4294
0837
9893
6919
1174
3843
2752
2207
0023
1397
7632
5871
1738
9585
1815
8621
9152
0880
6040
1598
9189
7410
1999
5834
8005
5544
4467
6246
4428
6887
5312
6928
7081
1474
2600
0514
9928
9327
1368
6636
9474
5618
0453
0294
4150
6269
6511
8682
7011
2266
1967
3791
7284
3227
6068
9450
1177
3198
6381
7848
7837
6908
8311
6586
0373
4492
8629
5104
5857
9287
2116
6814
1629
3957
3816
4395
5843
6108
7765
1735
3055
2997
0402
2678
1585
1217
4563
3407
6017
8001
7249
8285
1148
8898
6734
1910
1582
2702
3424
2739
5275
2257
3074
9301
8663
8143
9954
3592
9655
3107
1340
9742
4941
7198
8996
9609
1783
2151
9356
2373
2595
2888
9898
9753
4687
1449
7746
6950
6363
8728
5815
7560
2967
5842
8707
2545
8217
0110
1253
1305
7724
3791
3052
4126
5088
1931
2085
2902
6295
5129
1494
2088
7220
6893
5734
0637
2057
7795
2347
1674
8273
0938
2481
5647
8694
6516
0243
8033
5580
7207
7877
8127
0434
5485
3315
6695
7172
7416
9065
5346
5128
3867
4557
7469
1393
6350
6569
0733
6831
9839
1389
0552
2637
3009
3463
0407
6577
4083
5838
5416
9061
7733
8810
8098
9011
8528
6765
6831
1249
1152
2993
7713
0304
7979
1580
6204
7126
6304
1403
1300
3619
2988
7522
3507
0578
2296
7314
2113
8127
5125
6832
6514
1517
8364
2850
9780
8802
7536
7545
4070
4596
4224
1447
7363
1856
7501
3664
8342
3639
6283
4109
0216
6966
7824
0622
0193
5782
3739
2732
9097
3414
6385
7742
1345
8276
6440
0622
4653
9023
2844
1171
2169
1546
8330
8546
7913
8605
2667
4507
8769
0616
6602
6295
5530
0553
8080
3341
6117
0897
3357
2106
9224
0194
4858
7389
7485
3872
6429
9506
5081
1753
6059
8192
0920
3078
8201
9081
4575
1172
9173
4752
7152
8487
5776
0509
3903
8706
9245
3483
7723
3074
3387
6745
4947
2015
8625
8028
9228
0390
8605
8779
4425
5746
3554
6920
5700
7063
9116
2982
9683
3065
2712
5501
1629
8044
8023
4716
6520
5489
8515
0156
7153
0775
7062
5367
0978
5684
5818
2579
5487
2196
2350
8679
9369
9705
8044
9538
3947
4113
2642
9044
3813
6632
6455
8590
2252
8300
9261
2278
3984
4279
4228
3770
5923
9007
5622
6855
4901
0605
5958
8375
4094
5686
8816
9356
8331
9836
4724
8282
5395
6714
4214
1042
6349
7333
9300
3080
9539
7544
1777
5591
7378
8222
8459
8387
0975
0434
2466
5108
0715
7957
2433
8093
5716
6531
1972
7197
5094
8005
0992
2636
0927
7215
0149
8736
5911
0961
1392
9455
5065
8284
7970
8194
0032
9541
6066
9103
0327
7498
0238
5521
5995
4614
0819
4137
5811
5830
5974
1842
4413
4448
0129
3883
8345
9662
6511
4393
0993
1744
9151
3460
0991
4234
2839
8891
1241
2006
9303
6736
6449
1401
2217
4258
7161
9509
7973
3021
6220
4444
9189
6207
4572
4070
4363
5053
6536
9317
3199
6712
5769
8586
2658
0043
0245
5224
8441
0715
3123
2587
6516
5455
0546
3308
5853
5317
2039
4438
8388
8273
2748
2524
3192
7176
1522
4345
5951
7749
0868
8857
0956
1845
8870
5140
7306
2678
9613
8027
4110
5947
9649
7430
8077
7392
8559
3572
9133
8045
8690
1521
7382
2823
6638
8061
0290
0558
1521
5036
0594
5697
9913
9409
6063
6766
9931
0110
2604
2201
8557
4650
9530
2235
3220
8766
1582
8212
4838
8304
9413
6609
6466
2295
1547
3165
3306
3048
6578
5337
9958
7297
1403
4492
2959
3321
1668
8378
7050
8048
4186
0523
2020
7048
5200
8390
1601
8640
8958
0939
7510
1961
8117
9112
4867
3111
8952
9734
4088
6476
3633
8995
9589
1667
6526
7224
7159
4407
9143
0134
8828
1637
6789
9835
4983
2974
3653
4691
6005
6962
9020
6136
9859
1002
2085
7006
1498
4708
7211
4739
7977
4272
4952
6377
3760
2161
8483
0724
0435
7876
2337
5548
3814
9491
8979
4516
6417
6055
5721
8987
4791
2740
5935
9295
3989
8285
5529
0314
2391
0542
4246
1078
7090
0302
6337
0744
4611
9151
7374
2161
0101
4944
7422
1088
4540
0001
3321
2331
4112
6950
9534
3713
1566
4599
0826
3834
5580
3601
7587
6345
0748
7297
2166
7571
6802
1041
5446
1010
0875
4254
2470
8360
9145
7067
5446
3290
2129
6240
4637
8316
0624
2645
2111
7886
9865
3609
3508
4562
0311
8967
7043
3781
7794
4646
3365
8014
3021
2952
6606
5167
9396
5437
3209
0638
3230
0955
0007
2961
3919
9503
7084
0389
9617
4434
5027
2317
2612
9089
6999
0439
5359
2027
7592
9688
8518
3540
0217
2226
1307
4610
3292
5185
4667
5470
5553
1511
7746
5070
4765
1468
6432
0044
6352
6861
9702
9454
2354
4103
4324
9635
8086
9986
4425
1489
5578
6934
6390
9975
4386
2938
7839
6536
1773
5469
8792
4329
6445
9504
6941
0519
0137
0023
9136
9641
6252
4745
2952
7628
0027
6797
3972
5601
2468
1284
8423
8056
5295
2010
8196
1857
5019
8964
3423
0183
7240
1207
7585
6283
1858
5977
9013
0294
0671
6063
4484
9714
6811
4536
0979
1286
8878
7632
5297
2955
4121
3426
7437
4725
0841
7264
5794
3121
4561
0396
3383
2119
7279
6810
9097
1082
4228
1444
5553
1941
9053
9784
7535
1908
4347
8585
1096
0390
7894
2046
6225
2208
3277
4119
2922
1657
9615
9008
3912
1020
6861
1079
7185
4878
0230
4016
1727
4468
6479
7023
9267
2618
7524
8940
1044
2117
3402
8220
8603
3411
4526
9138
9956
3190
6959
2377
9016
4550
8248
4050
7358
4214
5780
5135
2566
6257
1686
5459
9500
0464
2847
5573
1077
1540
4164
1105
4090
3532
9625
3833
6318
6624
0779
7494
3492
8238
3807
9986
8279
7693
9748
8795
9787
0536
6823
1899
7926
2785
4452
0051
4558
9889
5761
2882
1183
3566
7907
0422
1619
4215
5226
0627
0239
9187
6213
1072
1035
7340
6643
6772
7232
4296
2973
9828
4117
8087
4334
8304
2975
7309
1175
7532
5715
5922
5239
2996
8854
9388
7781
3661
8442
3710
8878
1196
7975
6843
0566
7196
8039
7501
2048
4780
5516
5998
7255
6117
5763
6872
6920
4213
4127
1281
1597
5374
6621
1336
1723
1148
1988
2689
0313
0227
3271
8533
1768
5892
6028
6485
0398
1583
6773
9400
0035
5904
4193
8923
3999
0117
0903
0607
8394
7458
3725
8925
4177
3966
6669
5891
9304
2983
8141
9511
0571
6419
4486
0976
7111
4310
5661
6484
3837
2731
2718
9745
8448
9547
8405
3451
0265
9000
1892
7737
6386
8623
7709
2200
3187
9001
2892
4286
6481
5340
4760
8340
2085
3877
8132
9528
6763
0218
7844
3259
0709
8423
2491
3217
4245
6035
2795
8504
6275
7505
2989
3833
8753
0250
6457
6282
9760
5787
8624
4229
9726
0620
1023
7659
1522
6670
1505
4743
1126
4349
8579
8405
6020
0803
3964
0690
7395
0967
3153
2111
6577
7255
6886
9834
7076
9043
4409
2970
6777
1322
6512
9812
8310
5089
3097
9074
0095
9055
9404
7084
3641
4552
0680
4405
0263
1961
0712
3685
5596
3506
0521
0086
6703
0104
9877
4294
2685
3995
4658
1136
3009
6945
8882
7081
3706
4992
3862
1183
7596
2518
9719
4227
1566
8049
3234
8055
9925
9104
2345
8341
0454
4918
5085
5066
3852
7040
9596
8833
3815
9834
5701
7770
8127
4331
0426
9415
3929
3528
0982
5795
2276
8151
1510
1746
9720
7614
8667
4403
7669
2354
9068
6052
0430
3298
0610
0795
2699
3527
7019
1604
7754
5676
3409
0189
0982
0033
6293
4779
0879
4185
0975
5486
1926
3797
9956
6184
9894
7684
5436
1555
2648
8640
6856
7024
1734
3047
1236
0043
6914
4729
5484
8202
4729
3003
0500
5775
5596
2902
1529
7227
6653
0148
5972
3352
1389
1462
3623
9716
2722
8693
8383
9392
4816
5027
6895
2743
3579
2997
6243
2217
6544
9087
7136
3425
1040
6764
7816
2463
7786
3069
3827
5770
6542
9282
7102
6885
2285
2666
8936
0137
6708
6956
4227
8164
5014
6123
6637
2818
6973
4604
7808
3391
3693
6428
9883
4550
8796
7766
8721
8965
5036
9942
3880
0874
4401
5704
0855
8175
8842
5174
9122
6784
6978
6909
0079
2444
4222
9646
8704
7382
7211
1060
3101
6837
2339
8974
4306
3066
7676
0773
4952
6041
4690
3946
6919
1903
9689
8492
2715
9098
1308
3491
4018
2294
1101
2707
5744
2949
9504
6996
6686
4795
3172
3117
8013
9123
0200
4165
4150
2410
8486
0103
8999
5478
8499
5084
9613
7336
2827
9783
1340
5634
8153
6260
3612
2113
6366
7892
9882
1796
4674
7234
6526
7201
8731
8908
1703
1588
0481
7306
1895
9983
0181
5383
8704
2181
3854
4801
1996
3505
1137
4542
5496
5820
6598
4418
1943
3603
6130
8765
5504
1821
4121
5968
3448
7335
9557
4230
1010
6105
6350
0017
4475
9986
6783
4971
4036
1910
5199
1706
8139
9614
2586
0126
5429
6097
6114
1307
3905
2736
1098
9452
6670
2450
0287
0196
9120
9152
3281
2283
5126
1951
8727
8386
5668
1294
0885
6214
3247
5288
5046
7377
8631
2356
8331
4311
1672
8759
3598
7888
0402
9181
2180
8947
4760
4258
5492
1664
7054
5458
5006
6077
1422
2343
3510
0553
2325
1834
2518
3258
1161
5259
8455
6103
3054
2752
0978
1958
8787
2683
1409
1251
0567
3486
1311
3527
1282
7066
8894
9288
1491
7955
0935
7175
9696
1425
6679
9813
7592
3759
9289
6483
1129
7402
1300
7041
1887
3378
4305
7167
7429
0412
0744
1426
4427
5170
6315
2303
2107
3598
8157
6159
8149
6345
3961
9117
6249
5192
0280
6203
4531
4227
0469
7032
6200
3407
2442
9097
2505
5269
3286
4416
1745
3438
1287
9299
4570
4118
6531
1650
9238
5981
9963
3485
7787
1125
2973
9740
0406
4267
8093
6208
8452
4237
3478
1810
1205
5199
1775
5987
6056
0684
5589
5815
8819
2719
6358
2800
9283
1370
8509
6220
0672
2909
7207
3893
9399
0535
6782
3994
8571
3725
4621
1511
9765
0627
8314
8534
6657
2273
5083
4990
3210
5363
1150
2779
5274
1336
9449
1361
3219
6823
4773
6100
5912
3254
1129
8285
0749
2640
8338
7704
4687
8412
3957
2055
1827
4807
1736
2817
6768
3754
7039
5231
3181
3974
6532
2665
9906
9709
5217
1611
0797
4327
4871
6875
2998
9392
1670
7422
5273
2391
9426
6135
5212
3414
0049
8926
6036
5119
7008
2748
1012
7012
6288
2480
2904
4618
6856
8489
8628
8961
8257
2927
5579
6270
5748
3364
5025
8096
5339
2031
2448
2602
1977
2729
4012
8425
6849
8087
9669
7408
9199
4063
8306
0631
8929
3200
9479
4799
2748
6875
3160
9558
6951
4399
8074
4390
0109
9149
0389
1003
4610
7749
2387
2705
3203
5395
6354
2091
9686
9760
6726
6488
7905
9911
4911
8284
5627
9533
8451
9359
5094
9817
9806
6037
6808
5078
6466
4560
8299
5051
6793
8046
9883
9055
7622
1277
2793
6954
5158
0597
7592
2585
3806
0871
8665
3719
1437
8170
3800
8489
8350
1581
9816
5971
1601
2323
4274
0975
5220
2017
8263
9793
3228
4605
6867
3663
5585
2884
0534
8199
9011
3292
1329
8876
9023
0408
1925
2861
7121
1229
8846
5160
6169
2343
8056
2465
8700
6283
5299
8530
1105
4274
7606
5120
0701
0892
9979
8771
3219
6002
2499
1458
6554
3327
8548
6224
8661
6961
5545
2315
0873
2747
4927
2556
0687
3217
6799
6734
1393
1756
0211
4097
0811
5204
7555
6779
5736
9667
9220
5337
8744
6744
5515
0372
4750
6643
9350
4472
3192
2242
5384
6162
1111
4961
1579
0952
1106
6780
3668
0692
7220
8071
5266
3970
5501
3437
2783
8203
1239
0353
1793
5597
1524
8710
8256
6400
1057
1093
7791
6789
7973
2128
8657
9363
0814
0606
4809
6520
4272
0562
9695
2343
1313
0190
9202
3477
4940
9336
8545
4646
2418
9770
2587
3018
6516
5061
9396
2829
1408
7108
5676
5850
0576
8869
0672
8723
6761
3297
7881
0284
3787
8257
3196
4329
7298
5044
5162
1400
0496
7315
8876
6129
8333
7085
1271
5369
7899
1406
9253
4094
1204
6892
5290
4641
6527
7157
6842
9263
2080
0298
0895
4696
5394
5838
9418
3015
1687
1378
5267
6058
8160
7829
5012
6351
9399
2402
7356
3363
4277
2894
3417
6853
5783
2388
5465
6860
6849
5119
8603
0151
2067
0180
2977
1721
6258
8875
2515
1408
6639
7805
5963
9253
5014
4669
5831
5977
2457
7717
3796
3442
4802
1820
8181
0380
1340
1288
6748
5201
4673
3234
5502
0207
1898
0859
6627
5907
4883
2829
1768
0461
6970
8166
5023
8418
0584
7690
3246
3214
9307
1933
0666
0351
7080
1348
6564
5504
6206
9562
2082
9687
2095
0506
7451
1992
6350
8635
6304
0197
0483
5200
3876
1725
0825
7726
7022
8763
9238
0605
4727
3029
3970
0882
5669
6650
4966
4225
6708
5020
3121
8093
6656
6302
3684
9761
5826
7472
0774
6481
3801
9529
9193
4987
8452
1803
8498
2693
8911
8792
5252
0195
3563
4397
5483
5888
5035
8757
3905
2338
3792
0232
5452
9947
9671
1253
2242
8694
0628
2280
0763
8281
7202
6453
5300
4802
1870
4657
5033
8813
1417
2811
0773
9442
1740
4848
6242
8103
0659
6751
7485
7848
8740
2318
3208
3916
6427
8609
5133
1364
1014
0617
1274
6184
8875
5759
9247
1694
4884
6612
0642
8828
0262
9288
8840
0391
6148
7173
9531
3105
7047
9138
0702
0675
3509
3389
8120
1414
5234
0867
0633
7488
1885
5063
8691
5694
8480
1561
7962
5486
1386
1947
0082
6302
7013
1722
7140
9911
9794
5311
2229
7359
7259
1475
4367
9691
2562
9188
8154
1062
3812
1134
7057
1599
6191
9124
6055
1635
4803
1251
8916
3545
6093
3167
3447
5940
3367
5811
7371
7860
4377
9925
6537
8110
6573
6112
5189
3700
6679
1709
1446
1680
8055
9403
0905
7293
4327
8102
4969
6868
3648
9683
1269
0524
3030
4763
4919
5345
9292
4048
5816
1511
9900
8247
7712
9696
3488
3547
6232
6468
9758
8948
7802
6845
9103
4926
7778
0705
3391
0943
2259
2792
0205
2094
9777
1569
5165
3673
2702
6580
8049
1886
6332
2391
0740
6031
2177
9712
7268
5321
6328
8714
7488
9304
4049
2302
7736
6271
5449
1457
3963
4485
7718
9813
7933
9250
0606
3314
5368
7187
8894
6940
2862
5618
5418
7803
7658
0534
8979
4219
0422
7291
9258
0454
3687
2554
6809
0972
3989
6349
5806
9679
7158
9656
1448
0606
0566
8799
6980
1294
5156
8575
7115
3908
6817
9670
2563
5367
5019
7033
5572
5674
0014
9147
4254
2292
4696
3448
6137
3507
3085
7403
6414
4806
2314
5355
2691
2774
9945
7007
2892
4091
5130
8349
7871
3222
3471
9914
3474
0811
6599
2209
0231
2283
1002
0485
9641
5611
5985
3087
9563
1426
6029
1923
0905
5641
4007
3124
1225
1050
9710
5064
2514
6720
1078
0016
5566
9930
8826
3770
4813
0347
7354
9586
9314
9218
2013
0204
4594
2629
4198
7205
1901
9041
0245
4633
3206
8588
2746
7622
5968
9615
3091
2230
4194
0907
4474
0375
5480
9134
6010
4086
0038
2489
0936
2825
4942
5098
6751
3408
8068
4366
4772
0662
6217
3467
0269
2742
6275
0078
8382
4615
5401
0620
8354
4253
6768
4291
3913
8564
4026
8010
4673
2524
8022
9325
5353
2274
4509
4552
0937
9407
8279
4420
0862
7285
2382
4965
6780
0874
7386
8012
4964
6630
1395
1955
4470
9739
9871
5655
5969
9265
8723
0018
8215
0159
0963
3124
7170
9296
9882
9848
0601
9918
5367
6831
3747
6926
5988
6195
5507
0695
8002
0406
9885
2600
8755
8848
0235
6004
4518
5572
4425
6947
1555
4549
3882
2607
0349
4037
2610
2123
7808
8850
2680
3132
8329
3122
5062
8950
3582
2576
3321
9218
5325
1256
1442
4132
9635
4714
3133
8374
7004
4609
0308
8343
0266
9402
9808
7944
3873
0404
2501
1122
2229
9568
1545
6350
6713
3273
7765
4329
6415
2299
3485
4777
9998
9369
7521
8536
3840
1881
7097
0779
3521
6540
3245
0952
0246
3660
6817
4561
0576
2191
7722
4420
4890
9037
1866
6308
4140
8723
9337
1119
1830
2423
1892
6942
9278
1397
2035
8149
7861
2171
4436
3438
2612
9525
0180
7138
9840
6967
5325
4717
7549
4214
0891
2495
7758
8146
9109
8807
5525
5012
6608
0294
8268
4320
9198
8923
4211
8780
4956
6077
7941
2401
3054
7038
3641
0144
5121
9381
0356
8859
5172
2628
9863
8455
0446
3376
5257
9410
3049
4249
0359
7669
3620
6783
9036
0890
6468
7977
6655
8946
6353
3873
1074
2394
3636
6867
5509
5575
5811
2440
0244
7999
2765
3196
5032
7373
8716
5095
0942
1810
6221
2392
8378
3255
4776
0186
8771
8403
7403
0126
2386
2861
1306
9922
6308
9631
5999
1847
4117
7215
8819
2968
0498
0155
1739
2909
4337
0842
7270
7678
0707
7453
6008
8458
2642
6425
5550
9558
5531
4904
3862
9491
1148
4970
3052
4973
7573
0024
4721
1620
9285
4034
7646
5194
9302
0250
9222
4392
6267
4090
9914
2748
4655
9336
3315
6010
7771
8920
6751
4523
9943
0395
3069
8258
2090
1069
8513
4933
0361
9986
5797
2281
7114
7281
1246
4532
8104
5450
6549
3693
0968
2183
9774
1108
7339
4702
8620
7632
5771
4940
2401
6910
6174
5657
9140
7140
5905
9656
1321
9044
0152
5378
8022
4187
3275
0422
2027
3472
4933
5051
6597
9819
0020
2155
0099
2228
9107
4494
0659
4533
1960
6183
8853
5587
7720
2863
1128
6948
3230
8006
0936
3563
2983
1931
8887
9699
1342
0604
3179
6194
6125
7171
7248
0156
3968
7509
2367
2384
2969
4189
6029
7206
6568
0780
7299
7336
5152
7584
2250
6638
8957
1184
3334
6024
5195
1572
2561
4293
6398
8941
9130
8885
7399
1560
0186
4416
5947
5151
3606
6704
0986
0074
9200
6470
4804
3270
2044
9944
2103
8428
0620
2017
2885
0628
0211
9499
3561
2964
9401
9172
7628
3565
4030
0646
2030
2234
7187
6047
9107
0312
8722
3142
2731
3628
4533
3899
4563
6866
5749
8730
0194
5546
9933
5207
9404
3993
3225
3596
1509
2783
8904
2089
2903
8927
8383
8665
8802
1131
5265
6854
0741
6647
9729
2038
5543
2831
4960
5658
3023
7215
0201
5319
7424
2204
6950
3721
7207
8815
1019
8453
8066
7028
0074
4168
5651
1499
4467
3808
8133
5421
9772
8604
0636
6814
8405
9597
0474
6098
9817
1838
8750
7301
3600
4870
6281
9793
7028
2123
8577
3601
6501
1329
5471
5951
0428
8324
3927
7134
2734
4502
7154
2213
2290
3338
7486
4807
9785
6166
1931
6310
3116
0916
2619
2709
9525
3622
2519
9316
5372
0505
0258
1991
3309
1290
7664
4697
2435
6490
9923
8461
8241
3981
9640
8147
1737
9855
8859
0888
6163
6971
2505
5659
2050
6178
9268
4263
8788
2611
6937
1634
1683
4493
4289
2388
6613
3388
3894
9239
6946
8171
4309
7471
1528
1650
2502
7358
7126
2192
9320
0724
2065
6114
0944
8612
5194
3756
6425
1239
3402
7436
4363
9840
0731
1049
6454
1756
2376
6639
2924
3133
3214
1482
7427
8623
8315
7643
3382
8023
5356
9440
0022
5824
3680
4698
3215
6502
5581
6808
7485
5863
5265
2670
7640
5108
1441
4196
5574
0091
5053
4637
7159
4713
7515
3730
5217
7473
8835
7276
6840
0209
3834
3694
3183
5388
7686
5987
3131
3609
0925
3748
2215
3244
7172
4800
5743
1721
5891
8151
3479
9363
0545
2505
5332
6348
5569
6500
5840
2658
6379
6566
7617
4906
9563
8632
3760
3851
0771
9118
0810
6894
8029
6938
2333
3652
5179
3650
0342
2145
3862
0888
9651
5692
0117
2225
8180
4022
7713
4629
8778
7916
2242
5595
2490
6131
1335
0164
8836
2908
4087
6807
3802
0565
1018
3316
9352
7718
7255
8944
6759
1771
6010
5135
7650
9361
5851
1067
1900
6236
9451
6441
6347
4307
3508
0665
5081
9076
9807
0535
1362
3959
5803
9034
3896
1178
5031
9451
2426
1128
6807
3392
8631
6173
8550
9031
4460
8438
3107
0839
7454
0009
0462
6897
2237
6078
4425
7334
9685
5213
1130
7834
7815
6228
8464
1908
9955
4750
7689
9983
7280
3620
5282
6240
9392
5062
6980
5469
3662
8900
5561
8418
5089
4799
3847
2621
0510
8455
5942
6401
0468
8736
2877
9297
4935
3896
6929
5282
7703
7039
4660
8254
2409
0875
2524
0388
5492
7008
4131
7777
3127
6827
8753
4985
0888
6829
7546
1136
6280
8917
7924
6352
1894
3788
1138
5361
3675
0015
2113
9563
7995
7288
7259
4262
8482
8409
0586
9934
3988
2648
6190
2513
2993
2322
5906
2174
7407
9265
9025
9163
9542
8645
4458
1110
7152
0690
3798
4849
6999
6854
4875
6979
4699
2313
4414
6749
1355
1523
2877
8308
7945
5716
9718
6007
7905
4858
8126
8427
3450
9518
4161
5897
7816
9602
9885
2140
4814
2280
6800
3671
6403
6429
2770
3129
6346
8223
7628
1811
5958
1224
9412
6005
3913
3484
3221
4107
2572
5895
8245
0540
2926
6182
6806
0939
6019
2846
4098
0618
4545
9587
4385
4810
6988
1583
4559
1210
8273
1442
8096
9838
9212
3348
8294
1572
1973
4682
6024
8718
5764
7348
0540
5595
5197
8390
2889
6227
9714
1138
8448
9871
5426
1516
0651
6933
2531
1964
9266
0308
4911
9006
0373
9479
6138
9731
6565
4590
4739
7936
6581
4593
5654
3812
7902
4203
3262
7027
4994
2599
1970
6529
4885
4704
8955
5574
0843
3409
2639
5535
7949
9624
6657
2100
2483
9518
8597
1898
9130
2072
6727
4890
4897
6824
2340
2347
6745
2949
0839
1354
3064
0248
9959
3598
5865
3150
3950
0470
0229
2270
4408
2345
3572
0748
9917
6596
6354
6258
9478
7747
9140
3142
9531
5585
8138
3022
7256
3073
0215
3867
2212
8303
4717
7683
6824
2096
7605
6771
0871
4948
1716
0823
9652
7573
7121
1391
6566
4441
6227
5599
5231
0927
9450
2583
0925
0745
8014
0215
0581
3915
5875
3577
2147
7145
1272
2771
8554
4442
3675
3564
1124
8632
6626
9995
7670
4271
8849
9261
1607
4084
7984
7900
3024
7815
5492
6967
2935
1189
4542
6021
8009
3074
9928
8203
7671
6340
4162
4544
8066
5609
1854
1359
4523
9066
2951
8949
1401
0073
1410
0333
9531
6669
8037
0131
6803
7669
9048
5123
3617
1544
9902
4462
7245
3065
8150
8129
1454
7852
8509
1695
3336
9180
1066
6731
4566
6883
9489
5651
5740
2414
0642
2980
4519
7271
2560
1015
2260
0306
5841
1206
0903
9617
6364
2240
3072
3484
9492
0054
4769
4527
7392
1096
7081
4706
8313
2911
5318
5474
8246
5137
9046
9029
3509
8892
1182
4976
8872
3288
9424
6313
4107
3983
7100
1110
4197
1708
3732
1712
2643
3320
7358
1745
9432
4735
4787
8178
1948
7754
0786
2087
2271
8008
6908
1832
8431
5600
2247
7483
1920
8688
6681
9476
7284
9985
8350
4440
0816
4122
7076
1528
6587
3062
0025
6245
8962
6236
2886
6938
4596
3964
3938
3179
4189
0580
4694
1461
7218
5492
4966
4527
2634
1331
9595
4098
4025
8604
9117
2762
9084
2683
7370
6221
9752
2470
1021
0220
4026
0875
3687
3078
3494
5056
6319
1592
4606
9597
8265
0023
1463
4099
6587
6489
6117
3358
5415
3344
2170
7612
6583
0070
2781
8235
3135
9340
1640
3625
0739
7742
3326
8490
5992
2431
6416
7747
2071
5464
6946
7794
8430
7417
6768
9591
6756
3412
6948
7100
4387
1889
1655
7637
5555
2294
7897
0389
1842
5817
0185
5092
0608
8561
9761
8399
8344
0559
9902
9321
6727
1675
9165
9600
8025
0912
5159
4111
5174
4662
2709
6965
1755
3483
2108
9083
7348
1093
2422
0151
8072
9517
5015
4047
4573
1262
8045
8578
9335
0705
3303
2839
9938
2172
4448
7670
6695
4870
5008
3240
8257
3139
7840
7783
4229
9282
2354
3019
0564
1596
8330
7424
4762
9906
7289
5207
5830
0140
3520
5962
9864
1951
7268
4254
3473
8995
3404
6429
6092
3182
8431
9574
7196
1520
8465
1339
7504
5181
8316
4855
6770
6526
2026
5754
0712
2921
2583
2154
2569
9100
2522
9098
8965
4060
9794
5183
7241
1784
6843
2086
3503
3986
6716
2979
1238
6864
8964
5947
9627
6316
2358
1771
6799
5171
4471
4565
3995
1377
5350
6264
7391
0003
5149
8566
7683
6668
5459
0003
0918
9547
2681
2257
3743
9567
6759
0554
7342
7249
4520
9860
7969
6218
0605
4277
6798
0425
5054
5494
8298
3868
0300
8054
3519
7186
2106
6819
4798
4252
3409
0721
1324
5834
6118
7708
7858
9634
6353
7636
6548
8030
2508
0249
1212
6169
5346
6151
8734
7706
5612
5420
5674
7219
0217
5481
7328
5589
6208
0214
9351
1750
4649
8744
2218
3652
8653
4065
3678
8882
7323
1862
9839
4892
3917
7790
3983
6661
4409
5858
8841
3740
2066
0266
9565
2052
6973
7090
9659
2532
5900
9677
7292
3035
5094
7988
8386
1379
7006
7938
5151
8152
3343
6007
5862
7227
4668
9790
4467
3364
1450
2721
8927
2617
3714
5843
0034
7240
7481
4023
8625
1680
2588
3784
3356
7742
6479
0854
9324
9778
3099
4402
0824
4937
3570
1473
6537
9812
2092
1093
6577
2491
3673
2345
2632
4648
4769
2978
3916
7473
3879
1183
7142
5324
1183
2496
0197
0104
6839
7464
0486
7875
1931
8571
8203
4227
7879
2625
0828
0418
5503
9065
3950
2680
6683
8645
1318
7396
3748
6414
5537
8257
0196
9986
1876
2881
2545
8522
9553
5086
2226
9546
5560
3348
0072
9047
4324
4109
9257
7110
6554
2268
5640
7678
3934
2116
8630
5539
0389
7027
2360
6570
9092
9956
0725
0206
2544
7148
1569
2593
2761
5352
6500
9305
6076
0985
4629
3001
8493
9115
5668
4834
3236
1305
0286
0971
5184
1037
0587
4595
8782
9126
0207
1829
7444
0085
3412
6416
5486
1246
8731
2138
7012
0016
9817
0909
2561
4084
8352
3644
9194
9075
7935
1574
0614
6807
6477
8067
2665
6703
7715
6827
7122
1220
0898
0041
9792
8964
5977
8213
4450
1162
1301
2552
1073
6483
2038
1975
2209
2678
4852
7628
7383
1455
4153
2145
3376
6772
8717
2420
5867
7987
5940
8186
2589
1245
1689
4772
3009
1836
4573
7687
0929
9962
8877
1360
7662
2936
4123
2145
3559
5010
1051
4794
6311
6239
1529
7627
6541
8116
1778
5821
2707
0467
8991
3719
8816
2563
5422
3870
0882
8778
6808
0003
1272
7398
5720
9786
1466
5383
5816
4062
4117
8403
9310
7475
0705
3339
3412
4366
2555
9758
5570
4436
3710
9782
2020
2780
7380
1703
2778
7247
9061
3455
5337
2123
5829
5185
0628
9735
5828
4888
2978
3938
6892
6833
3571
7042
2294
4850
6905
4019
7376
7167
9608
8523
3414
5239
3531
9248
0788
5593
9092
0693
8814
3575
7508
8182
3756
4271
2470
9542
2074
0505
9120
2957
3384
4890
5074
7192
6147
0907
9633
8454
7322
7760
8671
2680
5860
6355
7035
6749
7004
0872
1302
4181
0307
9002
1967
8260
5884
7364
2982
5227
7338
8339
1420
7251
4602
0489
5842
8192
0231
9578
8518
4780
1905
8122
2670
9373
4295
8672
6927
5437
3776
7540
0322
7013
7018
9626
7189
3074
6698
6371
1298
7238
7741
5216
4354
1010
1001
3737
4448
4657
8982
2106
8300
5405
0389
3180
8596
2730
3126
6434
5747
2014
8904
2899
0529
3134
1694
5920
9804
2182
2870
7291
7369
7355
3359
0822
3104
7743
3178
7777
5371
4874
4898
9690
4962
7922
9916
3595
8368
4241
0562
2336
9431
5548
9319
0094
5362
5779
5025
8989
5524
2956
6665
3366
0887
2456
7771
7306
7588
6692
8651
6703
9837
2904
4359
7070
5051
4022
5585
4777
7664
3244
6838
9792
4535
7587
7811
2635
0239
9599
6219
9421
6845
0956
4166
1595
9941
8871
0209
1332
7636
9154
2818
0202
3867
2415
5074
1399
5038
7991
9001
9431
6576
0448
3300
9217
3145
1882
4637
1852
3886
8319
6476
2618
2910
4474
3823
3074
2585
8881
5845
2733
3606
9392
9388
3176
1461
7409
1060
0923
7196
8089
3626
4087
1398
3805
7126
8870
0357
8045
8884
6016
4348
8069
5191
2882
6856
3513
1554
2130
9336
0676
2138
7864
9769
4625
1174
0609
5835
3930
9900
4567
4870
4377
4030
3894
5016
2249
6042
8112
2008
1039
3626
0746
7612
0778
6074
6111
2049
6618
4505
9302
6885
1772
0474
7709
1139
5381
0233
8611
0414
8676
0192
2997
8360
7867
8944
1510
6609
0199
5305
0485
1060
3902
3746
7978
7669
5795
3333
8620
2531
0302
6689
7824
0456
9285
7131
1028
3581
9870
3824
6992
3371
0957
7021
6449
4171
2623
9975
5717
7201
7870
5629
0470
1224
9538
4948
1940
2524
4786
3110
6866
2000
2613
3406
7307
0377
6261
5211
8610
4308
5381
1728
1353
5088
8809
9936
6305
8067
4797
6517
3787
0926
2689
6261
9203
8282
6802
8452
4913
6796
1782
5682
6799
6049
5830
2766
9943
5555
4714
5260
6829
0948
1953
7383
6746
2672
0033
6702
4484
6248
5598
7617
7731
7500
8818
9777
5396
1022
5374
5799
6317
1703
6645
1097
1714
8638
0746
7647
4749
6398
4060
9611
8285
0278
7312
1068
3553
5973
5492
5578
5123
0834
4645
4840
3099
3596
6963
6184
7205
4197
4545
0196
3199
8946
9079
3578
3849
2126
9476
7355
5417
3602
3004
7219
6595
3277
4644
9626
7339
3571
3266
2580
1411
7456
7239
1887
2042
5082
0014
5223
2756
3245
3807
8064
1221
0973
7091
1900
4618
9493
8530
5399
0090
2383
0896
1556
5904
0598
4036
5470
3966
3695
3201
0794
7363
1998
1089
1966
4445
5632
1363
6619
4710
9012
1033
2650
4395
2087
9442
6695
1556
5277
9485
9553
4709
9764
0922
8044
0261
9264
7253
4721
9201
0341
0651
4674
5520
8655
1031
5324
1001
2189
1867
7108
3442
5313
5815
0513
9354
9699
8678
1692
0824
7193
1875
1626
8783
9261
1891
2709
2195
1990
0697
9034
6323
1488
4245
4786
9249
0294
0500
9088
0843
5130
6053
1762
6115
4411
5209
4759
5594
5952
5893
2977
4786
8371
9457
2347
3877
1886
7945
0751
3987
9481
1862
9308
6646
6920
6418
1410
8040
6417
5211
7869
4459
9524
6382
7678
4687
5811
1862
0803
4457
1056
4375
4232
3725
5247
7760
8438
0114
8423
3594
7611
0625
8368
7902
6716
0213
3030
3649
0011
3230
4278
0371
9339
2160
2934
9574
9703
4667
2901
3537
8793
7505
5970
1574
2720
1174
6922
9537
7541
0631
9658
1360
1080
3679
8609
3006
7655
8538
4815
3835
9762
5227
6310
6654
7406
4828
8126
8768
2460
3097
7153
0853
3440
7154
9254
7133
7490
9266
7123
9941
4143
3985
5112
3112
2604
1156
5666
1459
2988
0417
3462
0883
7910
7828
3857
4308
9206
9786
1470
4096
1077
1860
6480
3686
4130
9204
2545
1406
4964
0336
7593
2102
6935
9369
8966
2777
1537
9531
3189
9390
2712
9335
2281
6114
1195
5721
1527
6886
9192
3879
6323
4694
4748
1766
6347
2348
2177
3271
7984
9104
0542
6539
6290
5302
6887
1960
9630
2692
3811
7534
6994
1740
6946
7867
2743
2298
5226
8462
4631
1425
1132
8245
2038
6789
7113
2076
4098
9847
3400
3282
0466
6791
0935
7398
0939
7668
1542
7830
7759
6149
1817
8865
8468
0947
5549
5583
4199
3229
9697
6287
3154
3804
8041
3232
8576
4736
1105
1735
0373
7648
6790
0052
7409
2788
4382
6010
6351
2190
4412
4727
0806
9816
0140
3404
4241
2611
6991
7637
3378
8624
2224
4447
5149
9857
4321
8502
2946
6571
3333
3269
9422
2784
9569
1427
5080
8321
0481
5100
2686
4780
3700
2935
6319
2369
8036
9202
8894
0960
0108
5392
3555
9342
3693
0300
9097
0578
9036
8007
2216
3685
6627
0964
5289
5766
1613
7907
7201
0748
7139
8927
8359
0310
2802
3757
0616
5686
0512
8597
8238
2448
4870
8300
8189
9326
0435
9961
6720
5089
6612
3996
5737
4068
6509
9133
1182
3157
8390
5209
8432
0468
3639
2757
2586
8565
6256
2994
2606
3159
2086
6662
8975
4405
3237
6047
2649
7376
5547
8264
6440
5875
5485
0980
6772
2631
9565
6998
4325
5714
0631
3219
7846
7487
8301
1405
9077
5265
6416
4240
4427
6688
2506
7047
3626
5013
8542
4387
2894
0113
4007
5574
4486
9717
0166
6866
5511
9721
0619
4856
1612
5666
0710
7623
8661
3396
8589
1117
1425
3166
8953
6827
9367
2200
9044
3850
0867
4409
8469
9594
5606
0643
6994
4875
4244
1736
0079
4142
5938
3596
2517
4525
1538
3299
1298
5033
2227
6358
0295
5450
4783
2993
1987
2836
6735
9083
7176
7655
6364
7179
9163
7644
3963
6689
9858
5932
2218
1758
0066
5190
2544
6579
5938
2694
1122
7334
1563
7716
5510
4945
6826
1556
3693
3799
1897
4374
8103
5318
2421
7031
9464
6352
9082
5000
4278
5323
2715
5079
9325
2078
9594
2696
1207
0721
7029
1196
1658
0071
2331
4621
6636
4357
9501
8198
4265
0616
5559
8952
8390
7244
8682
2052
2401
0604
6299
1067
0172
5404
3897
8909
4499
7866
6653
1298
0878
4000
2100
6507
4399
9730
6573
6493
5908
7174
4288
9120
3409
2289
3327
8463
4415
9935
9448
6609
4287
1682
5466
4466
9540
1995
1166
4900
5524
2603
5515
1239
7191
0310
8367
0879
8079
0603
6968
7370
3804
4270
7717
0753
6542
5780
6702
0658
4472
5493
7341
4480
6501
2844
1431
6013
3861
2585
5968
0881
3942
8617
7832
6279
8384
4684
9573
4129
0236
3029
1797
1432
9006
9585
0283
0606
6872
7592
9940
9402
0144
3168
8775
3610
2310
1439
5808
6419
7458
9577
5982
9406
2803
9704
2780
8253
9830
3157
6845
7794
9898
1149
3869
8787
5805
1086
4449
9865
5822
8773
5108
8171
5640
3149
4216
8371
1293
4198
0866
7242
9381
0377
3888
0400
2087
0833
4267
